718.149995545479 
726.93978093293 
751.476149098715 
714.323540028359 
718.134041087008 
711.445177225659 
719.468545370046 
718.217282557175 
718.383674546846 
718.148050544993 
718.220651538959 
718.11760653773 
718.154799543866 
718.157574542283 
718.154885543693 
718.14771754774 
718.140778545786 
718.99562731698 
717.843756638629 
717.79880559956 
717.482550682949 
716.370601587486 
756.859016256257 
770.784811907763 
736.313725346249 
768.849793849953 
756.148168641895 
755.052784690784 
757.164413174302 
756.626746236846 
757.00975922253 
756.859016256257 
756.875772263192 
756.84553625444 
756.861208256496 
756.878367257126 
756.853780256172 
756.894678257763 
756.983610256513 
756.114474176738 
755.492366119809 
757.267876318073 
757.474747341944 
754.095832351711 
803.630840564663 
809.951866281325 
795.496770935151 
829.157597205408 
804.903916857968 
804.971428419313 
803.63821857774 
803.9787556278 
790.468623329238 
803.631255564554 
803.679225554162 
803.486321561967 
803.621756564608 
803.569126562243 
803.624698564485 
803.469497556203 
803.693025564203 
802.998380541736 
799.199254452126 
801.08825050652 
806.840871796237 
792.130445069992 
1013.35768324993 
1014.2024081362 
1028.23022568018 
1003.85699502372 
1012.52112279422 
1017.18148422936 
1013.02035824934 
1012.69402825914 
910.887806918212 
1013.45051024591 
1013.3663882491 
1013.16964925076 
1013.28287424872 
1013.38519924521 
1013.40738224418 
1013.41223524804 
1013.38784224663 
1014.32936019278 
1012.78388429176 
1013.72107020203 
1012.84146031706 
1019.34066449021 
767.040875128506 
741.689282005763 
776.350454142381 
789.152275986808 
767.972587843372 
761.575203468349 
766.387697082219 
767.067418117302 
770.248924099205 
767.040875128506 
767.088129129646 
766.961719129771 
767.024009129526 
767.037289128661 
767.042770128365 
767.065373127678 
766.973762128663 
764.639285215911 
765.416219188602 
767.942569010454 
767.647624059413 
760.904227106513 
759.228539778977 
779.847552585337 
771.537707396769 
782.560015786634 
758.024828726148 
759.361671723152 
757.977099785216 
757.452757777642 
755.799890803039 
761.610325776713 
759.030368782559 
759.3444297782 
759.319592777526 
759.797713776046 
759.177760778232 
760.080823775636 
759.276920778536 
760.360935775342 
761.619456774676 
760.415775766803 
755.737103832807 
747.923210618284 
826.455292906823 
870.943774285756 
832.616577984156 
852.375366029703 
827.478946297016 
826.033920018327 
828.303641898084 
822.716387874006 
914.873325434823 
826.455292906823 
826.469698905053 
825.839984906115 
826.542161907208 
826.697245909795 
826.408967906295 
825.974895898787 
826.158913906788 
827.294763911871 
828.40149791727 
825.231355888303 
825.227857888194 
815.589742653748 
833.30652515947 
832.181680042281 
852.40998074487 
819.822540030852 
836.029972513649 
807.580330770672 
832.957419196071 
833.30652515947 
833.30652515947 
833.30652515947 
833.30652515947 
833.30652515947 
833.30652515947 
833.30652515947 
833.30652515947 
833.30652515947 
833.30652515947 
831.999577083953 
835.066406253632 
833.188994121375 
833.269175143386 
831.629052927933 
