GoF  SOIL__N  SOIL__LOG10_Alpha  SOIL__ThetaSat  SOIL__ThetaRes  SOIL__LOG10_NormalHydrConductivity  SCALAR__SoilRoughness  SCALAR__LSAI  SCALAR__CanopyFraction  SCALAR__DecayCoeffCanopy  SCALAR__RootDepth  SCALAR__MinStomatalRes  SCALAR__VegReflectVis  SCALAR__VegReflNIR  SCALAR__VegTransVis  SCALAR__VegTransNIR  SCALAR__CanDensSurface  SCALAR__SoilAlbVisDry  SCALAR__SoilAlbNIRDry  SCALAR__SoilAlbVisWet  SCALAR__SoilAlbNIRWet  SCALAR__SoilEmissiv
 4.415000e-02   1.233748e+00  -2.928087e+00   4.982034e-01   5.698571e-02  -2.848428e+00   2.360472e+02   6.251124e-01   1.849188e-01   4.440393e+01   7.079715e+02   6.860540e+01   1.834249e-01   2.589793e-01   8.932503e-02   2.822024e-01   2.035023e+00   1.899249e-01   3.110027e-01   1.328235e-01   3.506558e-01   8.794151e-01
 4.067200e-02   1.166656e+00  -2.542136e+00   4.599741e-01   6.145087e-02  -4.236197e+00   2.526923e+02   9.470189e-01   6.567987e-01   4.704000e+01   2.046384e+02   5.036346e+01   1.168507e-01   2.456215e-01   9.427855e-02   3.047992e-01   3.478577e+00   5.000000e-02   2.096534e-01   2.517354e-01   3.843850e-01   8.661896e-01
 4.005300e-02   1.150000e+00  -2.539517e+00   4.657015e-01   4.661546e-02  -4.301030e+00   2.540341e+02   6.447404e-01   7.146448e-01   4.917283e+01   2.765087e+02   7.220360e+01   1.551250e-01   2.343670e-01   1.071431e-01   2.414288e-01   4.733273e+00   1.125851e-01   2.823895e-01   2.621511e-01   1.670386e-01   8.229918e-01
 4.544700e-02   1.217918e+00  -2.764253e+00   5.392486e-01   5.255517e-02  -2.392581e+00   4.633047e+02   4.744347e-01   4.612590e-01   2.359668e+01   3.070543e+02   5.950177e+01   1.511204e-01   2.958386e-01   1.213653e-01   1.326672e-01   1.900707e+00   1.431587e-01   1.734493e-01   2.052305e-01   2.655793e-01   8.306803e-01
 4.256200e-02   1.193241e+00  -2.892120e+00   4.677041e-01   5.034435e-02  -3.190172e+00   6.740937e+01   4.715034e-01   3.071073e-01   6.251009e+01   5.552379e+02   4.733324e+01   1.309969e-01   2.422952e-01   1.304854e-01   2.920120e-01   3.819886e+00   9.323300e-02   1.508128e-01   3.124828e-01   2.708808e-01   9.046407e-01
 4.467200e-02   1.302919e+00  -2.538958e+00   5.024401e-01   6.071926e-02  -4.095669e+00   1.943077e+02   7.415514e-01   6.809703e-01   3.849938e+01   3.051141e+02   5.341865e+01   1.327927e-01   1.512668e-01   7.776416e-02   3.248038e-01   3.306225e+00   7.306289e-02   2.096093e-01   2.178863e-01   1.873450e-01   8.195007e-01
 4.116600e-02   1.242532e+00  -2.602346e+00   4.946727e-01   7.130015e-02  -4.301030e+00   1.124475e+02   8.338821e-01   3.887154e-01   3.074060e+01   2.296027e+02   5.041606e+01   1.702141e-01   2.396936e-01   9.995001e-02   1.940760e-01   4.384498e+00   5.000000e-02   3.242201e-01   3.343095e-01   3.180980e-01   8.880714e-01
 4.337000e-02   1.276952e+00  -2.355231e+00   4.975509e-01   5.612569e-02  -4.057400e+00   2.384207e+02   5.172966e-01   5.372736e-01   6.590409e+01   3.927364e+02   6.316413e+01   1.852033e-01   1.635249e-01   3.776135e-02   1.648466e-01   4.060538e+00   1.804758e-01   2.072325e-01   3.848995e-01   2.551932e-01   8.781709e-01
 4.092600e-02   1.173989e+00  -2.168248e+00   4.529068e-01   6.096748e-02  -4.153874e+00   2.520694e+02   3.441113e-01   6.889506e-01   6.280816e+01   2.505431e+02   7.018166e+01   1.752149e-01   2.289173e-01   8.232651e-02   4.026927e-01   2.920512e+00   1.092425e-01   2.617259e-01   2.886224e-01   2.230226e-01   8.159028e-01
 4.491800e-02   1.289050e+00  -2.176992e+00   4.823584e-01   6.036485e-02  -4.192842e+00   2.460046e+02   9.892335e-01   6.190934e-01   5.503765e+01   4.367613e+02   7.041475e+01   1.361903e-01   2.095070e-01   4.854109e-02   2.526827e-01   5.009494e+00   1.281013e-01   1.928788e-01   3.032997e-01   1.880413e-01   8.000000e-01
 4.230000e-02   1.307198e+00  -2.617619e+00   5.057494e-01   5.496716e-02  -4.301030e+00   1.441310e+02   6.276686e-01   3.490944e-01   2.858145e+01   7.316773e+01   7.627954e+01   1.709481e-01   2.730227e-01   4.694020e-02   3.283205e-01   8.000000e+00   1.410242e-01   3.524002e-01   2.343780e-01   4.378264e-01   8.811902e-01
 3.902300e-02   1.192832e+00  -2.387633e+00   4.845861e-01   4.213022e-02  -4.273614e+00   1.997881e+02   7.042165e-01   6.044315e-01   4.696013e+01   2.544830e+02   7.330705e+01   1.419724e-01   2.461798e-01   6.436472e-02   2.677484e-01   6.001398e+00   8.936186e-02   2.644598e-01   3.027715e-01   8.620853e-02   8.349230e-01
 4.256000e-02   1.230123e+00  -2.414105e+00   4.529321e-01   4.168874e-02  -4.301030e+00   3.545014e+01   4.451397e-01   8.014542e-01   4.661330e+01   6.137305e+02   3.945298e+01   1.290838e-01   1.545245e-01   7.679765e-02   2.550132e-01   5.176871e+00   5.872006e-02   2.190638e-01   3.241087e-01   2.231160e-01   8.097627e-01
 4.754100e-02   1.150000e+00  -2.484418e+00   5.329846e-01   5.890013e-02  -2.233578e+00   2.669791e+02   1.046372e-02   3.239050e-01   4.263246e+01   3.076323e+02   2.818062e+01   1.580400e-01   8.664678e-02   1.177314e-01   1.134636e-01   2.254780e+00   1.977379e-01   1.673811e-01   3.302879e-01   2.698369e-01   8.271796e-01
 4.828500e-02   1.358212e+00  -2.710498e+00   5.372815e-01   6.352126e-02  -3.312634e+00   2.846778e+02   5.753046e-01   5.891122e-01   2.940661e+01   5.592220e+02   6.964857e+01   1.280253e-01   2.558109e-01   1.129214e-01   9.215366e-02   6.187956e+00   2.070398e-01   2.832743e-01   2.937213e-01   2.426872e-01   8.966751e-01
 4.252700e-02   1.150000e+00  -2.354112e+00   4.778509e-01   4.887977e-02  -4.300253e+00   2.054624e+02   6.365270e-01   3.154737e-01   3.689581e+01   1.058410e+02   7.870296e+01   1.516496e-01   2.494711e-01   2.882045e-02   3.246901e-01   3.678033e+00   1.186297e-01   2.602957e-01   3.644183e-01   2.552204e-01   8.655139e-01
 4.202300e-02   1.216810e+00  -2.692996e+00   4.809203e-01   7.072990e-02  -4.301030e+00   1.403243e+02   6.624369e-01   4.623204e-01   3.041112e+01   3.299606e+02   5.674224e+01   1.707461e-01   2.785038e-01   7.858510e-02   2.666241e-01   3.731883e+00   1.365175e-01   2.018638e-01   2.309998e-01   2.570862e-01   8.072582e-01
 4.147000e-02   1.151429e+00  -2.556242e+00   4.637935e-01   6.148893e-02  -4.176179e+00   1.775701e+02   8.568551e-01   4.426761e-01   3.916114e+01   2.444798e+02   6.446411e+01   1.462625e-01   1.611799e-01   8.060440e-02   3.197525e-01   5.856924e+00   5.000000e-02   2.220495e-01   2.770393e-01   3.940841e-01   8.471234e-01
 4.793200e-02   1.258589e+00  -2.757812e+00   5.519683e-01   6.702881e-02  -2.142024e+00   1.753469e+02   1.833643e-01   3.702195e-01   6.328561e+01   5.000000e+01   7.021585e+01   1.015618e-01   1.553596e-01   2.438958e-02   2.419088e-01   3.493785e+00   1.598281e-01   1.592518e-01   9.419638e-02   1.882741e-01   9.153369e-01
 4.343200e-02   1.187670e+00  -2.939163e+00   4.575296e-01   4.686011e-02  -3.779822e+00   4.916090e+02   5.148626e-01   5.726016e-01   6.516812e+01   5.787153e+02   8.602328e+01   1.694721e-01   2.616601e-01   1.190538e-01   5.153524e-01   6.280574e+00   2.572174e-01   2.969949e-01   1.416218e-01   1.220980e-01   9.652945e-01
 3.763100e-02   1.150000e+00  -2.315588e+00   4.841474e-01   6.820494e-02  -4.301030e+00   1.737974e+02   9.215744e-01   4.469206e-01   4.172365e+01   2.755815e+02   5.514546e+01   1.531105e-01   2.799391e-01   8.217536e-02   2.571596e-01   3.693363e+00   5.000000e-02   2.393940e-01   2.361058e-01   3.581329e-01   8.629069e-01
 4.003100e-02   1.158108e+00  -2.438563e+00   4.663772e-01   5.772919e-02  -4.252816e+00   3.746103e+02   8.991772e-01   6.191624e-01   5.062503e+01   4.136138e+02   6.967112e+01   1.238738e-01   2.201178e-01   5.358270e-02   3.279534e-01   5.115448e+00   7.668877e-02   1.934868e-01   3.823949e-01   1.298129e-01   8.423365e-01
 4.275200e-02   1.302671e+00  -2.238065e+00   5.279857e-01   4.629056e-02  -4.163468e+00   8.228683e+01   8.498850e-01   4.940328e-01   3.294223e+01   2.517454e+02   8.055139e+01   1.668579e-01   2.547300e-01   6.766251e-02   2.941808e-01   6.018069e+00   2.372284e-01   2.423417e-01   2.409218e-01   1.816790e-01   8.468570e-01
 4.466900e-02   1.290523e+00  -2.852022e+00   4.600580e-01   5.171105e-02  -4.216970e+00   1.456018e+02   6.685026e-01   6.027478e-01   5.884192e+01   4.612671e+02   5.944909e+01   1.174446e-01   2.665843e-01   1.086093e-01   1.818057e-01   1.723123e+00   2.240356e-01   2.643433e-01   2.158958e-01   3.818372e-01   8.828420e-01
 3.863500e-02   1.150000e+00  -2.321344e+00   4.910316e-01   4.447529e-02  -4.301030e+00   1.915103e+02   7.033458e-01   6.304544e-01   2.762322e+01   3.053562e+02   6.242709e+01   1.589869e-01   2.353345e-01   9.936701e-02   2.484727e-01   4.630420e+00   1.010580e-01   2.725396e-01   2.838162e-01   1.725215e-01   8.255287e-01
 4.189500e-02   1.224080e+00  -2.646213e+00   4.967265e-01   6.891314e-02  -4.281908e+00   1.558424e+02   7.376849e-01   3.334050e-01   3.383696e+01   3.692631e+02   6.177714e+01   1.698480e-01   2.557648e-01   7.523836e-02   1.525032e-01   4.231745e+00   8.484325e-02   2.668299e-01   2.815532e-01   2.786515e-01   8.917855e-01
 4.336400e-02   1.192640e+00  -2.458519e+00   4.927136e-01   5.907694e-02  -4.073620e+00   2.390916e+02   7.650704e-01   5.220122e-01   3.125770e+01   2.668389e+02   5.150735e+01   1.523190e-01   2.430221e-01   8.932644e-02   3.045690e-01   3.806163e+00   8.145898e-02   2.486968e-01   2.798700e-01   3.175643e-01   8.716850e-01
 4.130400e-02   1.162733e+00  -2.547964e+00   4.990574e-01   4.631779e-02  -4.301030e+00   2.105680e+02   5.975446e-01   3.664647e-01   4.304705e+01   3.651185e+02   6.540580e+01   6.074981e-02   2.651983e-01   9.602473e-02   3.396439e-01   3.563437e+00   7.394286e-02   1.587206e-01   3.131234e-01   2.037185e-01   8.721069e-01
 4.365600e-02   1.235336e+00  -2.519401e+00   4.917306e-01   4.105822e-02  -4.028660e+00   2.887084e+02   5.153178e-01   5.207518e-01   3.822164e+01   5.343699e+02   5.523839e+01   1.296521e-01   2.592003e-01   9.250229e-02   2.346222e-01   2.324864e+00   1.071527e-01   2.056014e-01   3.939657e-01   2.608387e-01   8.884030e-01
 4.303100e-02   1.194191e+00  -2.493612e+00   4.664750e-01   5.716231e-02  -3.871616e+00   2.769702e+02   6.553005e-01   6.474453e-01   4.464321e+01   1.645105e+02   7.072793e+01   1.813591e-01   2.739920e-01   1.246146e-01   2.517018e-01   2.901124e+00   1.405086e-01   2.440700e-01   1.822116e-01   2.574740e-01   8.055150e-01
 3.993000e-02   1.150000e+00  -2.391292e+00   4.720344e-01   4.485788e-02  -4.144579e+00   1.634357e+02   6.910381e-01   5.495362e-01   3.083369e+01   1.062419e+02   6.930338e+01   1.489074e-01   2.099945e-01   9.346657e-02   2.340583e-01   3.815452e+00   1.632022e-01   1.950414e-01   2.830918e-01   2.055499e-01   8.000000e-01
 4.202200e-02   1.205774e+00  -2.475310e+00   5.014295e-01   7.089382e-02  -4.138428e+00   2.174264e+02   9.122376e-01   3.121727e-01   3.512760e+01   1.998230e+02   5.189289e+01   1.524526e-01   2.923543e-01   8.803298e-02   1.902439e-01   3.043228e+00   7.235091e-02   2.779377e-01   2.917426e-01   4.239127e-01   8.586799e-01
 4.219500e-02   1.150000e+00  -2.096910e+00   4.424550e-01   7.413366e-02  -3.919540e+00   2.250646e+02   9.137385e-01   6.849075e-01   4.187682e+01   4.419249e+02   9.232932e+01   1.706763e-01   3.391338e-01   8.811529e-02   2.236805e-01   3.623531e+00   5.000000e-02   1.009703e-01   2.534405e-01   4.111170e-01   8.578956e-01
 4.504400e-02   1.450390e+00  -2.905192e+00   4.876068e-01   7.089713e-02  -4.227584e+00   4.353320e+02   3.715672e-01   7.630902e-01   2.868441e+01   4.528334e+02   4.864324e+01   1.053335e-01   2.970265e-01   1.131379e-01   4.781978e-01   5.964645e+00   2.257704e-01   2.317089e-01   1.832672e-01   5.000000e-02   8.266257e-01
 3.872700e-02   1.177416e+00  -2.096910e+00   5.004513e-01   5.837204e-02  -4.222504e+00   2.304529e+02   9.385030e-01   6.658551e-01   3.303159e+01   2.413081e+02   4.803792e+01   1.220088e-01   2.313261e-01   1.322505e-01   3.717587e-01   3.631159e+00   5.000000e-02   2.405154e-01   2.113363e-01   2.159105e-01   8.000000e-01
 4.525900e-02   1.168234e+00  -2.344264e+00   4.901169e-01   4.266422e-02  -3.271593e+00   2.599959e+02   9.435299e-01   3.563946e-01   2.727841e+01   5.177891e+02   3.295516e+01   7.176607e-02   1.237102e-01   5.768772e-02   7.953874e-02   2.486546e+00   5.162001e-02   2.220229e-01   3.504914e-01   1.689137e-01   8.000000e-01
 3.810900e-02   1.229441e+00  -2.217122e+00   5.007533e-01   4.726339e-02  -4.301030e+00   2.260615e+02   3.858945e-01   6.018239e-01   4.062033e+01   3.657121e+02   7.480815e+01   1.305397e-01   2.554545e-01   8.295402e-02   3.048231e-01   4.470909e+00   1.103755e-01   2.900193e-01   2.640049e-01   2.305046e-01   8.241660e-01
 4.533000e-02   1.154566e+00  -2.502335e+00   5.078990e-01   4.986256e-02  -4.301030e+00   1.310454e+02   4.134516e-01   6.093082e-01   6.113897e+01   2.659341e+02   6.832103e+01   1.447138e-01   3.438727e-01   9.350808e-02   3.089284e-01   5.143163e+00   8.528383e-02   2.090721e-01   2.760981e-01   5.000000e-02   8.606498e-01
 4.467500e-02   1.276900e+00  -2.624346e+00   4.733885e-01   6.567301e-02  -3.759580e+00   3.624516e+02   6.455086e-01   7.310727e-01   4.968455e+01   1.583063e+02   9.026265e+01   1.694071e-01   2.085278e-01   5.286182e-02   3.678495e-01   5.766165e+00   1.776954e-01   1.687564e-01   2.568959e-01   1.581794e-01   8.879709e-01
 5.262000e-02   1.530184e+00  -3.033356e+00   6.817934e-01   5.276135e-02  -2.909693e+00   1.329061e+02   5.468365e-02   4.009709e-01   4.099576e+01   2.233202e+02   3.884387e+01   1.349294e-01   1.553105e-01   1.104265e-01   3.895015e-01   4.266743e+00   1.140647e-01   2.772007e-01   3.653164e-01   7.858394e-02   8.208613e-01
 4.410900e-02   1.225172e+00  -2.362319e+00   4.741296e-01   6.999537e-02  -3.858036e+00   2.507568e+02   9.050006e-01   4.944774e-01   4.234229e+01   2.451621e+02   5.013031e+01   1.519382e-01   2.433577e-01   8.152092e-02   2.718309e-01   2.861092e+00   8.006003e-02   2.209109e-01   2.638662e-01   3.520733e-01   8.684791e-01
 4.358900e-02   1.175446e+00  -2.717989e+00   4.523876e-01   6.038324e-02  -3.559496e+00   3.607053e+02   6.577961e-01   5.709635e-01   2.915350e+01   5.048094e+02   5.914688e+01   8.881877e-02   2.640680e-01   1.021506e-01   2.618709e-01   9.880172e-01   8.021532e-02   1.880318e-01   2.990262e-01   3.211801e-01   8.965676e-01
 4.112900e-02   1.150643e+00  -2.316134e+00   4.725045e-01   5.860056e-02  -4.003108e+00   1.734097e+02   7.451201e-01   5.798663e-01   3.348847e+01   1.908934e+02   6.049959e+01   1.262197e-01   2.834748e-01   9.159381e-02   1.507296e-01   2.396838e+00   8.031195e-02   2.788344e-01   2.434675e-01   3.281793e-01   8.355251e-01
 4.160300e-02   1.302452e+00  -2.479250e+00   5.008573e-01   6.457979e-02  -4.301030e+00   2.046776e+02   7.595895e-01   6.218382e-01   3.226193e+01   3.200776e+02   5.688808e+01   1.222588e-01   2.581679e-01   9.569495e-02   2.114531e-01   3.873234e+00   6.547437e-02   1.626179e-01   2.186961e-01   2.933690e-01   8.306609e-01
 4.373200e-02   1.152573e+00  -2.334387e+00   4.464103e-01   5.454102e-02  -3.776282e+00   3.531551e+02   6.182296e-01   6.945240e-01   4.984575e+01   4.267687e+02   6.735783e+01   1.471925e-01   2.061859e-01   1.168597e-01   2.578273e-01   2.315307e+00   1.307697e-01   2.922847e-01   3.086751e-01   1.862579e-01   8.363895e-01
 3.738200e-02   1.188342e+00  -2.184155e+00   4.760695e-01   6.615717e-02  -4.277505e+00   2.384908e+02   9.777005e-01   6.385880e-01   3.687268e+01   4.536822e+02   8.788280e+01   1.421425e-01   2.759079e-01   7.272050e-02   2.690733e-01   5.087169e+00   5.000000e-02   1.963289e-01   2.441645e-01   2.776832e-01   8.306357e-01
 4.317800e-02   1.189052e+00  -2.516690e+00   4.553334e-01   6.279902e-02  -4.133518e+00   2.076831e+02   9.142910e-01   5.591999e-01   4.018657e+01   3.616417e+02   5.417231e+01   1.401132e-01   2.936517e-01   8.783478e-02   2.361819e-01   3.615214e+00   9.244401e-02   2.476676e-01   2.453816e-01   3.399962e-01   8.587051e-01
 4.008200e-02   1.196894e+00  -2.408284e+00   4.921474e-01   4.000000e-02  -4.301030e+00   1.953413e+02   4.036691e-01   6.908676e-01   2.798962e+01   3.221999e+02   8.630005e+01   1.595708e-01   2.476515e-01   7.009214e-02   2.432278e-01   7.407441e+00   9.377976e-02   2.785748e-01   3.473291e-01   5.202543e-02   8.232774e-01
 4.272000e-02   1.150000e+00  -2.736481e+00   4.658804e-01   4.264443e-02  -4.048344e+00   1.990973e+02   7.664086e-01   5.626803e-01   4.981842e+01   5.051840e+02   5.061558e+01   1.169311e-01   2.567390e-01   7.133902e-02   1.550262e-01   2.677754e+00   1.188050e-01   2.793052e-01   2.993333e-01   1.552121e-01   8.530191e-01
 4.384300e-02   1.150000e+00  -2.579465e+00   4.837053e-01   5.560491e-02  -3.049984e+00   2.822884e+02   7.184968e-01   1.987082e-01   3.595305e+01   9.494282e+01   6.739526e+01   1.552227e-01   2.557365e-01   2.971888e-02   1.104122e-01   2.738136e+00   1.629298e-01   1.674155e-01   2.912303e-01   1.856988e-01   8.509013e-01
 4.309400e-02   1.177145e+00  -2.625387e+00   4.881615e-01   6.791303e-02  -4.301030e+00   2.806177e+02   1.000000e+00   5.693244e-01   4.681870e+01   2.174128e+02   4.689362e+01   1.559387e-01   2.775030e-01   1.258961e-01   5.803917e-02   2.737777e+00   6.497248e-02   1.993031e-01   2.801677e-01   3.802143e-01   8.813160e-01
 4.207100e-02   1.218185e+00  -2.219127e+00   4.849796e-01   6.275217e-02  -3.956261e+00   1.277805e+02   6.118714e-01   5.636060e-01   4.997827e+01   2.111282e+02   4.254369e+01   1.903160e-01   1.326957e-01   5.744205e-02   2.638365e-01   3.634428e+00   9.210676e-02   1.763717e-01   3.628592e-01   2.838969e-01   8.667043e-01
 3.631900e-02   1.194152e+00  -2.096910e+00   4.892589e-01   6.515080e-02  -4.301030e+00   2.156094e+02   1.000000e+00   6.251879e-01   3.682420e+01   2.730475e+02   4.341593e+01   1.512933e-01   2.389445e-01   9.014492e-02   3.144383e-01   3.390043e+00   5.604248e-02   2.683358e-01   2.115234e-01   3.546803e-01   8.086889e-01
 4.657800e-02   1.242271e+00  -2.431286e+00   5.253761e-01   7.020304e-02  -2.445710e+00   2.104805e+02   3.032145e-01   6.285322e-01   4.469826e+01   2.757017e+02   5.381919e+01   1.337458e-01   2.398300e-01   1.111358e-01   3.452865e-01   2.294655e+00   1.707102e-01   2.642686e-01   2.341640e-01   1.458697e-01   8.926451e-01
 4.558200e-02   1.323677e+00  -2.860917e+00   5.055671e-01   6.395945e-02  -3.661688e+00   1.743469e+02   9.620586e-01   5.906660e-01   4.553871e+01   1.554308e+02   5.845045e+01   1.109356e-01   3.425337e-01   1.447033e-01   3.081250e-01   2.380774e+00   1.414886e-01   3.415293e-01   1.325739e-01   2.151043e-01   9.144111e-01
 4.074300e-02   1.280652e+00  -2.411778e+00   5.083366e-01   6.375446e-02  -4.301030e+00   2.959729e+02   7.806265e-01   5.768644e-01   4.248450e+01   4.102422e+02   6.756144e+01   1.942426e-01   3.061680e-01   1.369727e-01   4.942532e-01   3.397744e+00   5.000000e-02   2.915380e-01   1.681097e-01   3.010409e-01   9.463370e-01
 4.207000e-02   1.161060e+00  -2.702707e+00   4.840258e-01   4.631660e-02  -4.280063e+00   1.450471e+02   9.471956e-01   4.789969e-01   4.025499e+01   3.150123e+02   4.899977e+01   8.816763e-02   2.488247e-01   8.827796e-02   1.005034e-01   2.839710e+00   1.639294e-01   2.443243e-01   3.696585e-01   2.579749e-01   8.000000e-01
 4.403000e-02   1.173720e+00  -2.569020e+00   4.851719e-01   6.302210e-02  -3.981682e+00   2.140592e+02   7.759773e-01   3.158004e-01   3.897012e+01   3.951674e+02   5.466999e+01   1.507922e-01   2.036668e-01   5.207259e-02   1.945778e-01   1.534740e+00   1.942416e-01   1.454022e-01   3.075774e-01   1.388566e-01   8.278797e-01
 3.890400e-02   1.225766e+00  -2.308250e+00   5.015102e-01   4.734681e-02  -4.301030e+00   2.102090e+02   8.561218e-01   6.481677e-01   4.792921e+01   4.231609e+02   5.513292e+01   1.226717e-01   2.189431e-01   1.104697e-01   3.816348e-01   3.195305e+00   6.532661e-02   2.248743e-01   2.314567e-01   1.864465e-01   8.268234e-01
 4.016300e-02   1.150000e+00  -2.455048e+00   4.902693e-01   5.412316e-02  -4.301030e+00   4.308785e+02   6.801181e-01   5.934698e-01   4.564795e+01   5.578166e+02   9.437971e+01   1.422291e-01   1.437712e-01   3.544497e-02   3.587238e-01   3.787946e+00   1.622072e-01   1.596852e-01   3.999233e-01   2.013072e-01   8.335661e-01
 4.141500e-02   1.162963e+00  -2.398009e+00   4.668154e-01   6.481782e-02  -4.069488e+00   1.336482e+02   9.159257e-01   4.280738e-01   2.918229e+01   3.007167e+02   3.906144e+01   1.754909e-01   3.024145e-01   9.529457e-02   3.268823e-01   2.852748e+00   8.784799e-02   2.966476e-01   2.088497e-01   3.946944e-01   8.484558e-01
 3.979200e-02   1.154634e+00  -2.222933e+00   5.111611e-01   6.962519e-02  -4.238889e+00   2.414533e+02   9.142997e-01   4.334779e-01   4.372088e+01   2.306116e+02   5.442169e+01   1.552349e-01   2.887098e-01   4.805273e-02   2.258438e-01   3.472323e+00   5.768291e-02   2.523594e-01   2.639922e-01   3.288825e-01   8.568169e-01
 3.645700e-02   1.150000e+00  -2.208396e+00   4.714777e-01   5.178730e-02  -4.301030e+00   1.235649e+02   5.591189e-01   6.579089e-01   4.403312e+01   2.233054e+02   8.034411e+01   1.562942e-01   2.266275e-01   6.925021e-02   2.950876e-01   6.328922e+00   1.136042e-01   2.538298e-01   3.337968e-01   1.487294e-01   8.364306e-01
 3.723600e-02   1.192533e+00  -2.222855e+00   4.883835e-01   5.692875e-02  -4.269925e+00   2.076298e+02   8.597460e-01   5.962622e-01   3.499414e+01   2.529217e+02   6.235904e+01   1.535679e-01   2.729110e-01   9.542358e-02   2.863345e-01   5.347589e+00   1.021683e-01   2.625659e-01   3.183397e-01   2.406355e-01   8.167155e-01
 3.836700e-02   1.178144e+00  -2.281683e+00   5.015511e-01   6.643291e-02  -4.301030e+00   2.906349e+02   6.912199e-01   4.033564e-01   4.868624e+01   1.885477e+02   5.731169e+01   1.219780e-01   2.595515e-01   7.797665e-02   3.092057e-01   2.797045e+00   1.104548e-01   2.624627e-01   3.246234e-01   2.047205e-01   8.930403e-01
 4.069700e-02   1.183273e+00  -2.428516e+00   4.798648e-01   6.733604e-02  -4.138037e+00   1.958441e+02   9.756373e-01   4.856271e-01   3.599606e+01   3.606206e+02   5.702457e+01   1.485974e-01   2.812103e-01   7.622327e-02   2.384348e-01   3.321188e+00   5.375702e-02   2.319462e-01   3.303563e-01   3.297699e-01   8.474353e-01
 4.366300e-02   1.273138e+00  -2.928875e+00   4.695440e-01   4.885497e-02  -4.185945e+00   3.653073e+02   7.853063e-01   6.982349e-01   4.490371e+01   5.019396e+02   5.233619e+01   1.845093e-01   2.429177e-01   1.048486e-01   2.965480e-01   2.430473e+00   5.166601e-02   2.996388e-01   3.397922e-01   2.225628e-01   8.647276e-01
 4.149700e-02   1.211589e+00  -2.422274e+00   4.768998e-01   5.036052e-02  -4.140526e+00   1.467579e+02   9.060448e-01   6.868277e-01   3.606326e+01   2.267127e+02   5.395443e+01   1.178706e-01   2.374203e-01   1.128701e-01   2.944534e-01   3.519778e+00   7.947542e-02   1.911810e-01   2.646801e-01   2.701722e-01   8.363432e-01
 4.557200e-02   1.174088e+00  -2.171161e+00   4.403939e-01   6.234436e-02  -3.812053e+00   2.885990e+02   7.778414e-01   8.245103e-01   5.518448e+01   3.317307e+02   2.492386e+01   9.890836e-02   1.719147e-01   1.246181e-01   2.768686e-01   2.674240e+00   1.223133e-01   3.020522e-01   1.633510e-01   3.181306e-01   8.269426e-01
 3.772900e-02   1.166075e+00  -2.160800e+00   4.737753e-01   5.078116e-02  -4.204321e+00   2.483309e+02   7.250637e-01   6.591983e-01   3.626908e+01   3.043599e+02   6.756686e+01   1.398135e-01   1.914919e-01   1.236218e-01   3.066929e-01   3.083611e+00   1.333302e-01   2.947649e-01   3.274429e-01   2.406405e-01   8.569512e-01
 4.224600e-02   1.152282e+00  -2.538906e+00   4.689759e-01   6.430665e-02  -4.044561e+00   2.324908e+02   9.496144e-01   6.442419e-01   3.017808e+01   3.220124e+02   7.294123e+01   1.510857e-01   2.426351e-01   8.166137e-02   3.448849e-01   4.798811e+00   1.522518e-01   2.514178e-01   1.219660e-01   2.085172e-01   8.571869e-01
 4.290400e-02   1.200036e+00  -2.541036e+00   4.930747e-01   4.667251e-02  -4.065884e+00   2.328044e+02   9.495844e-01   5.469862e-01   2.786434e+01   2.371327e+02   6.965069e+01   1.304698e-01   2.513110e-01   9.766581e-02   2.129601e-01   3.367932e+00   1.178473e-01   2.703323e-01   2.479489e-01   2.204422e-01   8.153948e-01
 4.402100e-02   1.284092e+00  -2.911336e+00   4.996348e-01   7.730883e-02  -3.380765e+00   2.201784e+02   9.193668e-01   1.902830e-01   4.493616e+01   4.263073e+02   6.040091e+01   1.505914e-01   2.386582e-01   8.622263e-02   1.905792e-01   1.000000e-01   1.744041e-01   9.014977e-02   2.585220e-01   1.613366e-01   9.767574e-01
 3.909500e-02   1.150000e+00  -2.485153e+00   4.751554e-01   5.503634e-02  -4.301030e+00   2.219810e+02   8.073138e-01   5.900653e-01   2.977024e+01   4.172467e+02   4.741298e+01   1.231607e-01   2.405729e-01   8.576573e-02   1.849700e-01   2.563208e+00   9.516970e-02   2.454877e-01   2.337723e-01   1.810073e-01   8.269842e-01
 4.237400e-02   1.311056e+00  -2.425860e+00   5.092200e-01   5.871209e-02  -4.301030e+00   3.193810e+02   9.980684e-01   6.988137e-01   3.895716e+01   2.373776e+02   6.803168e+01   1.528930e-01   2.801872e-01   1.148525e-01   3.295653e-01   1.472014e+00   6.306971e-02   2.927039e-01   2.392289e-01   1.819266e-01   8.301245e-01
 4.392100e-02   1.326348e+00  -3.056072e+00   4.920909e-01   4.498539e-02  -3.522734e+00   2.297850e+02   5.510518e-01   6.454966e-01   4.183044e+01   1.866009e+02   8.973144e+01   7.008833e-02   2.978141e-01   3.986257e-02   5.000000e-02   3.126131e+00   9.981613e-02   2.016044e-01   3.632745e-01   1.912834e-01   8.159931e-01
 4.580800e-02   1.336250e+00  -2.815962e+00   4.965691e-01   5.291843e-02  -3.693333e+00   2.196368e+02   5.644999e-01   6.976142e-01   4.643341e+01   9.168810e+01   5.607929e+01   1.532516e-01   2.132173e-01   1.297911e-01   2.478202e-01   3.158611e+00   1.514933e-01   2.399648e-01   3.024551e-01   2.709380e-01   8.781049e-01
 4.255100e-02   1.259325e+00  -2.645479e+00   4.993927e-01   6.586367e-02  -4.254718e+00   2.380356e+02   4.689160e-01   4.853363e-01   5.239222e+01   7.467977e+01   6.301692e+01   1.611176e-01   1.785428e-01   9.428679e-02   3.673052e-01   2.606229e+00   1.642664e-01   2.050828e-01   1.784918e-01   3.445886e-01   8.522797e-01
 4.221900e-02   1.178834e+00  -3.033865e+00   4.579842e-01   6.494090e-02  -3.241546e+00   1.000000e+01   9.867864e-01   8.903612e-02   4.555680e+01   7.329476e+02   7.328175e+01   1.561033e-01   2.337049e-01   1.021447e-01   2.665113e-01   5.643686e+00   1.335028e-01   2.668757e-01   1.441917e-01   3.695781e-01   8.953076e-01
 4.209600e-02   1.175837e+00  -2.524577e+00   4.587496e-01   5.724170e-02  -4.123512e+00   3.239725e+02   7.979142e-01   6.083676e-01   5.412617e+01   2.792303e+02   5.611229e+01   1.565241e-01   2.292680e-01   9.660976e-02   1.917033e-01   5.252373e+00   1.177908e-01   1.929519e-01   2.434845e-01   3.649791e-01   8.399762e-01
 4.026400e-02   1.165703e+00  -2.498805e+00   4.748585e-01   4.215637e-02  -4.301030e+00   2.609287e+02   7.985327e-01   6.070878e-01   4.907639e+01   2.544286e+02   9.392722e+01   1.514410e-01   2.515827e-01   7.631218e-02   2.030185e-01   7.670885e+00   1.064015e-01   2.246827e-01   2.856138e-01   6.236838e-02   8.012432e-01
 4.114700e-02   1.247526e+00  -2.513648e+00   4.758273e-01   5.925505e-02  -4.301030e+00   2.175025e+02   7.095930e-01   6.319064e-01   3.465704e+01   4.146925e+02   5.875988e+01   1.309179e-01   1.917468e-01   8.912963e-02   2.359918e-01   2.061451e+00   1.160169e-01   1.967508e-01   2.304977e-01   3.045482e-01   8.212815e-01
 4.056700e-02   1.181435e+00  -2.624972e+00   4.799883e-01   5.134684e-02  -4.301030e+00   1.318712e+02   4.306635e-01   5.897018e-01   4.140064e+01   2.193301e+02   6.451144e+01   1.714181e-01   2.095421e-01   8.328805e-02   2.252931e-01   6.339519e+00   1.249148e-01   2.407264e-01   3.253707e-01   1.642868e-01   8.000000e-01
 4.557400e-02   1.261198e+00  -2.729750e+00   5.239793e-01   6.458537e-02  -2.547863e+00   1.000000e+01   7.513020e-01   6.061416e-01   3.357320e+01   1.731179e+02   5.401156e+01   1.269197e-01   2.141882e-01   1.450567e-01   4.197733e-01   3.859869e+00   1.210276e-01   2.441991e-01   9.974398e-02   2.328169e-01   9.227424e-01
 4.390000e-02   1.236030e+00  -2.871744e+00   4.951632e-01   6.459156e-02  -2.856147e+00   5.676165e+01   2.594314e-01   4.711977e-01   3.669778e+01   2.542547e+02   7.386966e+01   1.583838e-01   3.310013e-01   1.051618e-01   2.657576e-01   2.453434e+00   1.990409e-01   2.025670e-01   1.818667e-01   2.622001e-01   8.110086e-01
 3.806500e-02   1.173358e+00  -2.096910e+00   4.605598e-01   5.395153e-02  -4.301030e+00   2.553122e+02   9.177556e-01   7.566913e-01   3.504932e+01   3.554260e+02   5.374967e+01   1.435009e-01   2.186294e-01   1.196813e-01   2.225081e-01   2.526200e+00   5.000000e-02   2.922253e-01   2.893372e-01   3.061883e-01   8.180553e-01
 3.697400e-02   1.217937e+00  -2.096910e+00   4.991765e-01   6.965116e-02  -4.246273e+00   4.590266e+01   8.403133e-01   5.053143e-01   3.970667e+01   2.171486e+02   5.426667e+01   1.641184e-01   2.695444e-01   8.610813e-02   2.926156e-01   5.722445e+00   8.084546e-02   2.575421e-01   2.921099e-01   2.485275e-01   8.598319e-01
 4.078200e-02   1.230448e+00  -2.203626e+00   5.020570e-01   4.571890e-02  -4.164546e+00   1.988353e+02   7.862607e-01   5.300837e-01   2.603116e+01   2.301398e+02   5.457400e+01   9.341797e-02   2.191373e-01   1.193934e-01   3.116433e-01   4.076614e+00   9.918118e-02   2.437131e-01   2.661902e-01   1.389421e-01   8.649016e-01
 4.148600e-02   1.165038e+00  -2.661277e+00   4.743150e-01   4.721579e-02  -4.301030e+00   2.863356e+02   9.321410e-01   4.847079e-01   4.747982e+01   3.212193e+02   6.069525e+01   6.594011e-02   2.735780e-01   6.965240e-02   1.507966e-01   1.613596e+00   1.457432e-01   3.159788e-01   3.469474e-01   1.566803e-01   8.439381e-01
 3.990200e-02   1.167834e+00  -2.323815e+00   4.748845e-01   7.489676e-02  -4.282220e+00   2.252250e+02   8.745588e-01   4.329240e-01   2.331577e+01   2.893405e+02   5.342544e+01   1.236250e-01   3.124211e-01   9.689332e-02   2.736653e-01   2.363871e+00   6.678041e-02   2.557654e-01   2.785381e-01   4.013623e-01   8.613377e-01
 3.869300e-02   1.162465e+00  -2.096910e+00   4.512297e-01   5.245174e-02  -4.301030e+00   2.765411e+02   5.748463e-01   7.768282e-01   4.308513e+01   2.731886e+02   5.796887e+01   1.309888e-01   2.253683e-01   1.265244e-01   2.010198e-01   3.594360e+00   5.000000e-02   2.360891e-01   2.936529e-01   2.814019e-01   8.149827e-01
 4.238800e-02   1.150000e+00  -2.163027e+00   4.459393e-01   4.286176e-02  -3.978960e+00   3.638301e+02   1.000000e+00   6.673119e-01   3.842393e+01   5.845431e+02   4.481701e+01   1.186910e-01   1.786679e-01   8.890999e-02   4.864229e-01   2.382333e+00   1.382011e-01   2.226789e-01   3.418611e-01   2.780955e-01   8.413773e-01
 4.308600e-02   1.150674e+00  -2.826269e+00   4.710854e-01   4.837437e-02  -3.169047e+00   4.409346e+02   3.008416e-01   4.249742e-01   5.152674e+01   6.827045e+02   7.890578e+01   1.454631e-01   1.855741e-01   1.187010e-01   4.151767e-01   2.230312e+00   9.835501e-02   2.650042e-01   1.793887e-01   1.852104e-01   9.078617e-01
 4.337700e-02   1.297338e+00  -2.465176e+00   4.933861e-01   5.368061e-02  -4.153266e+00   1.335472e+02   4.865123e-01   7.013453e-01   5.121075e+01   1.978718e+02   9.086370e+01   1.668677e-01   2.815923e-01   6.292778e-02   3.545265e-01   6.505635e+00   8.578213e-02   2.627816e-01   2.924677e-01   7.540015e-02   8.359613e-01
 4.130500e-02   1.185904e+00  -2.303078e+00   4.726481e-01   4.904970e-02  -4.111669e+00   2.593778e+02   8.288880e-01   5.318158e-01   4.468289e+01   3.072851e+02   6.111717e+01   1.612763e-01   2.862948e-01   7.463388e-02   2.664236e-01   4.052072e+00   7.325730e-02   3.043702e-01   2.181443e-01   3.227240e-01   8.478037e-01
 4.331900e-02   1.228998e+00  -2.383104e+00   4.869563e-01   4.762534e-02  -3.997872e+00   3.108693e+02   6.555608e-01   6.105797e-01   3.891414e+01   7.238247e+02   6.925212e+01   1.547991e-01   2.331689e-01   9.654713e-02   2.856236e-01   1.401781e+00   1.198529e-01   3.095754e-01   3.333032e-01   2.113028e-01   9.133176e-01
 4.547000e-02   1.468071e+00  -3.107743e+00   5.382523e-01   6.474364e-02  -3.507594e+00   9.686525e+01   6.644638e-01   3.327106e-01   6.134281e+01   7.147337e+02   9.384687e+01   1.752487e-01   1.436768e-01   8.009266e-02   1.399506e-01   2.202091e+00   2.542324e-01   3.974321e-01   1.533210e-01   8.578721e-02   8.613570e-01
 4.356000e-02   1.150000e+00  -3.025825e+00   4.773341e-01   5.454671e-02  -4.260872e+00   1.000000e+01   6.948228e-01   1.846650e-01   1.703698e+01   2.610700e+02   3.719474e+01   1.408177e-01   2.138005e-01   1.294943e-01   2.260595e-01   4.836451e+00   5.823794e-02   2.474935e-01   1.097980e-01   4.623803e-01   9.558301e-01
 4.020500e-02   1.199476e+00  -2.447256e+00   4.693664e-01   6.496935e-02  -4.250639e+00   2.514771e+02   6.661355e-01   6.601720e-01   3.287443e+01   2.888135e+02   5.444179e+01   1.267536e-01   2.350110e-01   1.048283e-01   2.932248e-01   3.655653e+00   6.606661e-02   2.519015e-01   2.403497e-01   4.015816e-01   8.382692e-01
 4.298900e-02   1.206631e+00  -2.612643e+00   4.973485e-01   6.042364e-02  -4.153560e+00   2.057512e+02   8.489528e-01   4.698599e-01   3.673544e+01   3.271715e+02   4.916459e+01   1.538531e-01   2.561140e-01   9.198401e-02   2.875994e-01   2.684925e+00   1.280639e-01   2.282720e-01   2.241620e-01   2.463272e-01   8.280045e-01
 3.827800e-02   1.190878e+00  -2.344529e+00   4.739164e-01   4.941979e-02  -4.301030e+00   2.260737e+02   8.646067e-01   6.589707e-01   4.250332e+01   3.070303e+02   5.948368e+01   1.116566e-01   2.228646e-01   1.020184e-01   2.735056e-01   2.976977e+00   9.446186e-02   2.078037e-01   2.279669e-01   3.275634e-01   8.394762e-01
 4.614600e-02   1.303195e+00  -2.669108e+00   5.088039e-01   6.212213e-02  -3.297603e+00   1.804595e+02   5.684959e-01   4.563595e-01   4.712908e+01   1.828004e+02   6.574095e+01   1.812719e-01   1.888444e-01   1.084483e-01   3.365856e-01   3.918866e+00   5.813175e-02   3.806551e-01   2.755982e-01   3.374014e-01   9.102284e-01
 3.902700e-02   1.241093e+00  -2.220206e+00   4.929925e-01   6.464560e-02  -4.287838e+00   2.037912e+02   9.451188e-01   5.534157e-01   3.834322e+01   2.015845e+02   3.610234e+01   1.379336e-01   2.672216e-01   1.012689e-01   4.080384e-01   4.083672e+00   5.524285e-02   2.625962e-01   1.732295e-01   3.377064e-01   8.811215e-01
 3.808800e-02   1.161044e+00  -2.096910e+00   4.949936e-01   4.826331e-02  -4.224068e+00   2.000329e+02   6.483285e-01   6.472826e-01   4.869884e+01   1.751268e+02   6.999266e+01   1.533583e-01   2.378942e-01   1.296842e-01   3.693436e-01   5.156746e+00   8.725587e-02   2.528216e-01   3.138496e-01   1.730239e-01   8.230977e-01
 4.069800e-02   1.178493e+00  -2.281424e+00   4.623890e-01   6.727481e-02  -4.079826e+00   2.343568e+02   7.632778e-01   6.155570e-01   5.023299e+01   3.467088e+02   5.076105e+01   1.642461e-01   2.490377e-01   9.573439e-02   2.707928e-01   3.884052e+00   8.541269e-02   2.289442e-01   2.651698e-01   2.803327e-01   8.814443e-01
 3.768500e-02   1.153586e+00  -2.209242e+00   4.800758e-01   6.267721e-02  -4.224584e+00   2.251028e+02   9.139189e-01   4.346819e-01   4.305722e+01   3.534964e+02   5.014982e+01   1.349704e-01   2.457919e-01   6.044745e-02   2.294520e-01   3.608765e+00   9.770533e-02   2.258279e-01   2.975896e-01   3.472135e-01   9.084176e-01
 4.127700e-02   1.234506e+00  -2.503674e+00   4.774402e-01   6.349789e-02  -4.219842e+00   1.889902e+02   8.247176e-01   6.429705e-01   3.615781e+01   3.274285e+02   6.517297e+01   1.470359e-01   2.306340e-01   8.633355e-02   2.492753e-01   3.018915e+00   7.331773e-02   2.484786e-01   2.178764e-01   3.121728e-01   8.538787e-01
 3.997000e-02   1.202226e+00  -2.483268e+00   4.716276e-01   4.648105e-02  -4.301030e+00   2.744853e+02   5.576089e-01   5.421661e-01   5.102195e+01   3.697230e+02   5.706492e+01   1.539080e-01   2.252325e-01   9.821683e-02   3.232421e-01   1.847957e+00   1.042060e-01   1.834092e-01   3.823496e-01   3.644241e-01   8.727994e-01
 4.375600e-02   1.262649e+00  -3.146526e+00   4.721748e-01   5.845898e-02  -4.301030e+00   3.692517e+02   4.248018e-01   5.310492e-01   5.901427e+01   4.754554e+02   5.292734e+01   7.741401e-02   2.569923e-01   1.027494e-01   2.994688e-01   1.000000e-01   2.753725e-01   9.213657e-02   2.011016e-01   2.594550e-01   9.482683e-01
 3.991800e-02   1.150000e+00  -2.101561e+00   4.778466e-01   5.720175e-02  -4.244781e+00   2.433515e+02   8.422982e-01   7.676166e-01   2.272243e+01   2.907992e+02   4.927808e+01   1.481832e-01   1.484947e-01   1.152555e-01   2.242201e-01   2.679515e+00   5.457527e-02   3.189432e-01   2.773812e-01   2.594790e-01   8.161504e-01
 4.176800e-02   1.170932e+00  -2.360163e+00   4.735192e-01   5.852693e-02  -4.019723e+00   3.292455e+02   5.696332e-01   5.538788e-01   3.645377e+01   4.417939e+02   7.039638e+01   1.827742e-01   2.595636e-01   6.385454e-02   5.843501e-01   4.017564e+00   6.923283e-02   1.962865e-01   1.783670e-01   2.696136e-01   8.759490e-01
 3.953200e-02   1.150000e+00  -2.428760e+00   4.884356e-01   6.237372e-02  -4.257380e+00   4.342262e+01   9.354970e-01   4.657054e-01   1.756414e+01   3.155088e+02   7.575508e+01   1.137595e-01   2.925658e-01   7.327244e-02   2.251819e-01   3.384719e+00   7.045385e-02   2.736229e-01   3.024308e-01   2.889788e-01   8.675743e-01
 4.327200e-02   1.150000e+00  -2.644816e+00   4.520575e-01   4.383985e-02  -3.611270e+00   2.373789e+02   2.523611e-01   6.324810e-01   3.538666e+01   4.087037e+02   5.502799e+01   1.652988e-01   3.131721e-01   1.141324e-01   2.787251e-01   6.129107e+00   1.053864e-01   2.046102e-01   3.392114e-01   1.146034e-01   8.177097e-01
 4.214800e-02   1.211440e+00  -2.395965e+00   4.760706e-01   6.210031e-02  -4.015968e+00   1.428611e+02   9.323237e-01   6.119369e-01   2.994355e+01   2.254778e+02   5.921431e+01   1.593633e-01   2.792079e-01   8.148130e-02   1.960683e-01   3.208872e+00   5.000000e-02   3.099851e-01   2.585477e-01   3.547501e-01   8.185147e-01
 4.348100e-02   1.303750e+00  -3.067038e+00   4.853049e-01   4.958905e-02  -3.674194e+00   4.573393e+02   5.741141e-01   5.337874e-01   5.393099e+01   8.546430e+02   7.758004e+01   1.480544e-01   2.035202e-01   1.025938e-01   4.041004e-01   1.000000e-01   1.245495e-01   1.952083e-01   1.643870e-01   3.036823e-01   9.582604e-01
 4.281700e-02   1.225391e+00  -3.085841e+00   4.631646e-01   4.241631e-02  -3.579981e+00   2.032279e+02   6.662886e-01   4.892195e-01   5.809097e+01   3.044378e+02   5.678349e+01   1.572079e-01   1.638532e-01   3.070076e-02   2.021085e-01   3.441269e+00   1.141989e-01   3.150910e-01   2.495245e-01   8.498752e-02   8.918930e-01
 3.886600e-02   1.204432e+00  -2.096910e+00   4.680214e-01   5.371063e-02  -4.248218e+00   2.161475e+02   6.745420e-01   6.626371e-01   4.113647e+01   4.278880e+02   7.231615e+01   1.396635e-01   2.087523e-01   8.958117e-02   2.339537e-01   2.750603e+00   8.208894e-02   2.656929e-01   3.969576e-01   3.747035e-01   8.337116e-01
 4.180800e-02   1.198400e+00  -2.445411e+00   4.814265e-01   5.112072e-02  -4.062160e+00   2.654921e+02   6.675790e-01   6.015349e-01   3.361904e+01   4.433970e+02   6.388334e+01   1.163990e-01   2.500908e-01   8.027036e-02   2.810517e-01   2.264030e+00   8.326900e-02   3.397662e-01   2.862176e-01   1.457501e-01   8.408021e-01
 4.598200e-02   1.270316e+00  -3.301030e+00   4.401711e-01   6.474294e-02  -3.580779e+00   7.476970e+01   6.320598e-01   6.262989e-01   1.815422e+01   3.422132e+02   4.036046e+01   1.263315e-01   1.580440e-01   5.819339e-02   3.560525e-01   1.715883e+00   2.460539e-01   2.989631e-01   1.524788e-01   3.822060e-01   9.602237e-01
 3.741900e-02   1.153088e+00  -2.313544e+00   4.864429e-01   4.808989e-02  -4.301030e+00   1.944106e+02   7.211549e-01   6.028689e-01   3.407178e+01   1.885575e+02   4.656438e+01   1.259097e-01   2.215572e-01   1.305490e-01   2.601217e-01   3.883468e+00   7.498344e-02   2.630657e-01   2.559867e-01   2.897814e-01   8.115281e-01
 4.324300e-02   1.204661e+00  -2.700211e+00   4.934280e-01   6.136979e-02  -4.247011e+00   1.143134e+02   8.201480e-01   3.972839e-01   4.416043e+01   4.315329e+02   5.236420e+01   1.748770e-01   2.694889e-01   8.427396e-02   2.379977e-01   3.328107e+00   1.315225e-01   3.311252e-01   2.379831e-01   2.655047e-01   9.232477e-01
 4.561300e-02   1.263032e+00  -2.819725e+00   4.893982e-01   5.181092e-02  -3.389157e+00   3.257094e+02   7.188296e-01   5.925165e-01   2.671824e+01   5.753863e+02   5.514983e+01   1.388286e-01   2.218142e-01   6.766712e-02   3.811816e-01   2.855588e+00   1.902833e-01   2.530414e-01   2.833193e-01   3.433278e-01   9.499017e-01
 4.171600e-02   1.199030e+00  -2.604474e+00   4.982949e-01   5.203740e-02  -4.301030e+00   2.935124e+02   6.542591e-01   5.577794e-01   4.201128e+01   4.779893e+02   4.542715e+01   9.925762e-02   2.054998e-01   7.107684e-02   1.564324e-01   1.566124e+00   1.290449e-01   2.911676e-01   3.098687e-01   1.273453e-01   8.298501e-01
 3.885900e-02   1.214399e+00  -2.362374e+00   4.786731e-01   5.562626e-02  -4.301030e+00   2.263528e+02   8.448757e-01   6.319725e-01   3.805024e+01   2.380596e+02   5.665684e+01   1.099077e-01   2.280432e-01   1.130161e-01   3.395169e-01   2.902827e+00   5.385454e-02   2.388271e-01   2.415118e-01   3.566285e-01   8.227164e-01
 4.154500e-02   1.277575e+00  -2.355866e+00   4.939608e-01   5.794049e-02  -4.301030e+00   1.790075e+02   8.712909e-01   5.417383e-01   4.330511e+01   6.900538e+01   6.771107e+01   9.870802e-02   2.614801e-01   8.942349e-02   2.377861e-01   4.132504e+00   6.937692e-02   1.839505e-01   2.757085e-01   3.645474e-01   8.555364e-01
 4.415400e-02   1.212126e+00  -2.531938e+00   4.744718e-01   4.000000e-02  -3.801029e+00   2.574252e+02   3.533630e-01   5.106578e-01   4.967195e+01   5.190463e+02   5.097570e+01   1.567954e-01   1.887872e-01   1.099891e-01   3.827462e-01   1.307941e+00   6.945617e-02   2.204037e-01   3.014788e-01   3.033745e-01   9.028220e-01
 4.181300e-02   1.180464e+00  -2.526291e+00   4.778695e-01   5.414215e-02  -4.097857e+00   1.995318e+02   8.642691e-01   4.411516e-01   4.599278e+01   3.755904e+02   6.780778e+01   1.342216e-01   3.052152e-01   7.598037e-02   2.207624e-01   4.000073e+00   6.877121e-02   1.924749e-01   2.618052e-01   3.595704e-01   8.688144e-01
