x
3.7382e-02
3.7236e-02
3.6457e-02
3.7236e-02
3.7236e-02
3.7729e-02
3.7111e-02
3.6457e-02
3.6457e-02
3.6974e-02
3.6457e-02
3.6319e-02
3.6457e-02
3.7236e-02
3.6457e-02
3.6319e-02
3.7631e-02
3.7382e-02
3.7236e-02
3.7111e-02
3.7236e-02
3.6319e-02
3.6457e-02
3.7111e-02
3.6974e-02
3.7236e-02
3.7236e-02
3.6319e-02
3.7631e-02
3.7236e-02
3.7382e-02
3.6457e-02
3.6457e-02
3.7236e-02
3.7236e-02
3.6319e-02
3.6457e-02
3.6319e-02
3.6457e-02
3.6319e-02
3.7111e-02
3.7382e-02
3.7631e-02
3.7236e-02
3.6457e-02
3.6457e-02
3.6974e-02
3.6457e-02
3.7419e-02
3.7236e-02
3.7236e-02
3.7236e-02
3.6319e-02
3.7382e-02
3.6457e-02
3.7631e-02
3.7382e-02
3.6457e-02
3.6457e-02
3.6457e-02
3.7631e-02
3.6974e-02
3.6319e-02
3.6457e-02
3.6319e-02
3.7419e-02
3.7111e-02
3.7236e-02
3.6974e-02
3.6974e-02
3.6319e-02
3.6457e-02
3.7111e-02
3.7111e-02
3.7111e-02
3.6457e-02
3.6457e-02
3.6457e-02
3.6457e-02
3.8278e-02
3.6457e-02
3.6457e-02
3.6457e-02
3.7631e-02
3.7111e-02
3.6319e-02
3.6319e-02
3.6974e-02
3.6974e-02
3.6319e-02
3.6974e-02
3.6319e-02
3.6457e-02
3.6974e-02
3.7382e-02
3.7382e-02
3.7111e-02
3.6457e-02
3.7685e-02
3.6457e-02
3.6457e-02
3.6457e-02
3.7631e-02
3.6457e-02
3.6319e-02
3.6974e-02
3.7111e-02
3.7631e-02
3.7382e-02
3.6319e-02
3.6319e-02
3.7236e-02
3.6457e-02
3.6457e-02
3.7236e-02
3.6457e-02
3.6319e-02
3.6319e-02
3.7236e-02
3.7236e-02
3.6319e-02
3.8109e-02
3.7685e-02
3.7729e-02
3.7382e-02
3.7111e-02
3.6974e-02
