Iter Gbest GbestRate[%] IterBestFit normSwarmRadius |gbest-mean(pbest)|/mean(pbest)[%] 
1   6.9771583E+02  100.000   6.9771583E+02   4.4511564E-01   12.144  
2   6.9684285E+02    0.125   6.9684285E+02   3.3833285E-01    7.539  
3   6.8345414E+02    1.921   6.8345414E+02   4.4194569E-01    8.022  
4   6.8345414E+02    0.000   6.8572175E+02   3.9237420E-01    6.855  
5   6.8345414E+02    0.000   6.8483197E+02   3.7575352E-01    5.552  
6   6.8345414E+02    0.000   6.8681066E+02   3.6369372E-01    4.467  
7   6.8345414E+02    0.000   6.8407590E+02   3.5606420E-01    3.370  
8   6.8345414E+02    0.000   6.8357628E+02   3.1048156E-01    2.431  
9   6.8345414E+02    0.000   6.8381612E+02   2.5601518E-01    1.704  
10   6.8210826E+02    0.197   6.8210826E+02   2.1868498E-01    1.444  
11   6.7996480E+02    0.314   6.7996480E+02   2.3022768E-01    1.482  
12   6.7996480E+02    0.000   6.8118100E+02   2.3089305E-01    1.207  
13   6.7914757E+02    0.120   6.7914757E+02   1.6761196E-01    1.168  
14   6.7645305E+02    0.397   6.7645305E+02   2.3156474E-01    1.377  
15   6.7584019E+02    0.091   6.7584019E+02   2.4619653E-01    1.301  
16   6.7584019E+02    0.000   6.7627445E+02   2.2021970E-01    1.104  
17   6.7584019E+02    0.000   6.7602826E+02   1.9980777E-01    0.928  
18   6.7535567E+02    0.072   6.7535567E+02   1.9785988E-01    0.883  
19   6.7498165E+02    0.055   6.7498165E+02   1.7709791E-01    0.793  
20   6.7498165E+02    0.000   6.7504008E+02   1.8068884E-01    0.682  
