Iter  GoF  SOIL__N  SOIL__LOG10_Alpha  SOIL__ThetaSat  SOIL__ThetaRes  SOIL__LOG10_NormalHydrConductivity  SCALAR__SoilRoughness  SCALAR__LSAI  SCALAR__CanopyFraction  SCALAR__DecayCoeffCanopy  SCALAR__RootDepth  SCALAR__MinStomatalRes  SCALAR__VegReflectVis  SCALAR__VegReflNIR  SCALAR__VegTransVis  SCALAR__VegTransNIR  SCALAR__CanDensSurface  SCALAR__SoilAlbVisDry  SCALAR__SoilAlbNIRDry  SCALAR__SoilAlbVisWet  SCALAR__SoilAlbNIRWet  SCALAR__SoilEmissiv  
1   5.3501102E+02   1.9366422E+00  -3.2269674E+00   4.5020474E-01   4.4852568E-02  -2.9271231E+00   1.1908779E+02   4.4886321E-01   9.6319043E-01   2.7099720E+00   9.5918471E+02   6.9738943E+01   1.6115165E-01   3.7661616E-01   8.0015940E-02   6.9345420E-02   7.5204283E+00   2.3814230E-01   1.4852573E-01   2.7243899E-01   4.1572791E-01   9.3946092E-01  
2   5.2676622E+02   1.1894233E+00  -2.7762310E+00   5.8054797E-01   5.0713425E-02  -1.2187213E+00   9.9980772E+01   4.3813821E-01   5.0556719E-01   3.2618197E+00   9.2930924E+02   8.2697569E+01   1.2742334E-01   1.6853168E-01   3.7825996E-02   2.9433068E-01   5.9064701E+00   2.5336208E-01   1.9945736E-01   2.1732006E-01   3.5687807E-01   8.5062073E-01  
3   5.1814004E+02   1.1500000E+00  -2.8347156E+00   4.2812667E-01   5.5993114E-02  -2.3281853E+00   1.0000000E+01   1.9343312E-01   7.2428918E-01   3.6396329E+00   1.5245208E+02   1.0000000E+01   2.0000000E-01   9.3333818E-02   1.5000000E-01   5.0000000E-02   3.0542173E+00   1.4129521E-01   1.3102006E-01   1.3629494E-01   2.3523914E-01   8.0000000E-01  
4   5.1814004E+02   1.1500000E+00  -2.8347156E+00   4.2812667E-01   5.5993114E-02  -2.3281853E+00   1.0000000E+01   1.9343312E-01   7.2428918E-01   3.6396329E+00   1.5245208E+02   1.0000000E+01   2.0000000E-01   9.3333818E-02   1.5000000E-01   5.0000000E-02   3.0542173E+00   1.4129521E-01   1.3102006E-01   1.3629494E-01   2.3523914E-01   8.0000000E-01  
5   5.1814004E+02   1.1500000E+00  -2.8347156E+00   4.2812667E-01   5.5993114E-02  -2.3281853E+00   1.0000000E+01   1.9343312E-01   7.2428918E-01   3.6396329E+00   1.5245208E+02   1.0000000E+01   2.0000000E-01   9.3333818E-02   1.5000000E-01   5.0000000E-02   3.0542173E+00   1.4129521E-01   1.3102006E-01   1.3629494E-01   2.3523914E-01   8.0000000E-01  
6   5.1814004E+02   1.1500000E+00  -2.8347156E+00   4.2812667E-01   5.5993114E-02  -2.3281853E+00   1.0000000E+01   1.9343312E-01   7.2428918E-01   3.6396329E+00   1.5245208E+02   1.0000000E+01   2.0000000E-01   9.3333818E-02   1.5000000E-01   5.0000000E-02   3.0542173E+00   1.4129521E-01   1.3102006E-01   1.3629494E-01   2.3523914E-01   8.0000000E-01  
7   5.1814004E+02   1.1500000E+00  -2.8347156E+00   4.2812667E-01   5.5993114E-02  -2.3281853E+00   1.0000000E+01   1.9343312E-01   7.2428918E-01   3.6396329E+00   1.5245208E+02   1.0000000E+01   2.0000000E-01   9.3333818E-02   1.5000000E-01   5.0000000E-02   3.0542173E+00   1.4129521E-01   1.3102006E-01   1.3629494E-01   2.3523914E-01   8.0000000E-01  
8   5.1745858E+02   1.1998186E+00  -2.5507427E+00   4.5546657E-01   6.1195527E-02  -2.0582431E+00   3.9212240E+01   1.3462229E-01   8.7492537E-01   4.0641811E+00   4.1357160E+02   5.1460613E+01   1.3316240E-01   5.0000000E-02   1.0506473E-01   7.5698593E-02   3.8955685E+00   1.3426647E-01   2.2137225E-01   8.1719947E-02   1.0817751E-01   8.0000000E-01  
9   5.1745858E+02   1.1998186E+00  -2.5507427E+00   4.5546657E-01   6.1195527E-02  -2.0582431E+00   3.9212240E+01   1.3462229E-01   8.7492537E-01   4.0641811E+00   4.1357160E+02   5.1460613E+01   1.3316240E-01   5.0000000E-02   1.0506473E-01   7.5698593E-02   3.8955685E+00   1.3426647E-01   2.2137225E-01   8.1719947E-02   1.0817751E-01   8.0000000E-01  
10   5.1745858E+02   1.1998186E+00  -2.5507427E+00   4.5546657E-01   6.1195527E-02  -2.0582431E+00   3.9212240E+01   1.3462229E-01   8.7492537E-01   4.0641811E+00   4.1357160E+02   5.1460613E+01   1.3316240E-01   5.0000000E-02   1.0506473E-01   7.5698593E-02   3.8955685E+00   1.3426647E-01   2.2137225E-01   8.1719947E-02   1.0817751E-01   8.0000000E-01  
11   5.1745858E+02   1.1998186E+00  -2.5507427E+00   4.5546657E-01   6.1195527E-02  -2.0582431E+00   3.9212240E+01   1.3462229E-01   8.7492537E-01   4.0641811E+00   4.1357160E+02   5.1460613E+01   1.3316240E-01   5.0000000E-02   1.0506473E-01   7.5698593E-02   3.8955685E+00   1.3426647E-01   2.2137225E-01   8.1719947E-02   1.0817751E-01   8.0000000E-01  
12   5.1511129E+02   1.1500000E+00  -2.8117811E+00   4.3041609E-01   5.2959722E-02  -1.9388598E+00   9.6462247E+01   2.1528406E-01   8.7420891E-01   5.1200085E+00   3.0746315E+02   2.5335078E+01   1.4081687E-01   1.8980902E-01   1.0781699E-01   1.0335864E-01   3.3175070E+00   1.4799877E-01   1.1920316E-01   1.1557630E-01   1.8568882E-01   8.1319976E-01  
13   5.1511129E+02   1.1500000E+00  -2.8117811E+00   4.3041609E-01   5.2959722E-02  -1.9388598E+00   9.6462247E+01   2.1528406E-01   8.7420891E-01   5.1200085E+00   3.0746315E+02   2.5335078E+01   1.4081687E-01   1.8980902E-01   1.0781699E-01   1.0335864E-01   3.3175070E+00   1.4799877E-01   1.1920316E-01   1.1557630E-01   1.8568882E-01   8.1319976E-01  
14   5.1511129E+02   1.1500000E+00  -2.8117811E+00   4.3041609E-01   5.2959722E-02  -1.9388598E+00   9.6462247E+01   2.1528406E-01   8.7420891E-01   5.1200085E+00   3.0746315E+02   2.5335078E+01   1.4081687E-01   1.8980902E-01   1.0781699E-01   1.0335864E-01   3.3175070E+00   1.4799877E-01   1.1920316E-01   1.1557630E-01   1.8568882E-01   8.1319976E-01  
15   5.1423143E+02   1.1962761E+00  -2.7276489E+00   4.2399845E-01   6.3420756E-02  -1.9477954E+00   1.3412415E+02   2.0868229E-01   8.3249074E-01   5.8871122E+00   4.5631584E+02   1.4788677E+01   1.2484160E-01   1.9813063E-01   1.0207119E-01   1.0078725E-01   3.9197268E+00   1.4128652E-01   1.3000963E-01   9.8215953E-02   5.0000000E-02   8.4210027E-01  
16   5.1423143E+02   1.1962761E+00  -2.7276489E+00   4.2399845E-01   6.3420756E-02  -1.9477954E+00   1.3412415E+02   2.0868229E-01   8.3249074E-01   5.8871122E+00   4.5631584E+02   1.4788677E+01   1.2484160E-01   1.9813063E-01   1.0207119E-01   1.0078725E-01   3.9197268E+00   1.4128652E-01   1.3000963E-01   9.8215953E-02   5.0000000E-02   8.4210027E-01  
17   5.1423143E+02   1.1962761E+00  -2.7276489E+00   4.2399845E-01   6.3420756E-02  -1.9477954E+00   1.3412415E+02   2.0868229E-01   8.3249074E-01   5.8871122E+00   4.5631584E+02   1.4788677E+01   1.2484160E-01   1.9813063E-01   1.0207119E-01   1.0078725E-01   3.9197268E+00   1.4128652E-01   1.3000963E-01   9.8215953E-02   5.0000000E-02   8.4210027E-01  
18   5.1423143E+02   1.1962761E+00  -2.7276489E+00   4.2399845E-01   6.3420756E-02  -1.9477954E+00   1.3412415E+02   2.0868229E-01   8.3249074E-01   5.8871122E+00   4.5631584E+02   1.4788677E+01   1.2484160E-01   1.9813063E-01   1.0207119E-01   1.0078725E-01   3.9197268E+00   1.4128652E-01   1.3000963E-01   9.8215953E-02   5.0000000E-02   8.4210027E-01  
19   5.1379244E+02   1.1622718E+00  -2.7030594E+00   4.6670065E-01   5.8459928E-02  -1.8663678E+00   2.6436366E+01   2.6071467E-01   9.9399507E-01   4.0336229E+00   4.4503226E+02   3.8854690E+01   1.2973362E-01   1.3624568E-01   1.0256690E-01   8.6781104E-02   2.8873157E+00   1.4541483E-01   1.4201968E-01   6.5354971E-02   1.1783168E-01   8.2501834E-01  
20   5.1304084E+02   1.1972227E+00  -2.9101585E+00   4.3148017E-01   5.9329665E-02  -2.0907011E+00   8.2132996E+01   2.2654774E-01   9.5414012E-01   4.6356278E+00   4.5315267E+02   2.5468228E+01   1.2241436E-01   1.7284589E-01   1.0758600E-01   1.7367082E-01   3.6314209E+00   1.6320781E-01   1.2223841E-01   1.0425254E-01   1.4362911E-01   8.2382910E-01  
