GoF  SOIL__N  SOIL__LOG10_Alpha  SOIL__ThetaSat  SOIL__ThetaRes  SOIL__LOG10_NormalHydrConductivity  SCALAR__SoilRoughness  SCALAR__LSAI  SCALAR__CanopyFraction  SCALAR__DecayCoeffCanopy  SCALAR__RootDepth  SCALAR__MinStomatalRes  SCALAR__VegReflectVis  SCALAR__VegReflNIR  SCALAR__VegTransVis  SCALAR__VegTransNIR  SCALAR__CanDensSurface  SCALAR__SoilAlbVisDry  SCALAR__SoilAlbNIRDry  SCALAR__SoilAlbVisWet  SCALAR__SoilAlbNIRWet  SCALAR__SoilEmissiv
 5.142314e+02   1.196276e+00  -2.727649e+00   4.239985e-01   6.342076e-02  -1.947795e+00   1.341242e+02   2.086823e-01   8.324907e-01   5.887112e+00   4.563158e+02   1.478868e+01   1.248416e-01   1.981306e-01   1.020712e-01   1.007873e-01   3.919727e+00   1.412865e-01   1.300096e-01   9.821595e-02   5.000000e-02   8.421003e-01
 5.200742e+02   1.221075e+00  -2.863581e+00   4.891847e-01   5.894736e-02  -2.121024e+00   6.988680e+01   1.020832e-01   7.687541e-01   3.354043e+00   4.257323e+02   2.901520e+01   1.841776e-01   8.363780e-02   1.159056e-01   1.028067e-01   2.318242e+00   1.421374e-01   1.306257e-01   1.430827e-01   1.992477e-01   8.585913e-01
 5.171525e+02   1.166482e+00  -2.725539e+00   4.976553e-01   5.196495e-02  -2.194358e+00   2.668545e+01   1.185266e-01   8.287915e-01   3.329042e+00   3.624726e+02   3.624045e+01   1.761483e-01   1.657012e-01   1.175187e-01   1.432503e-01   3.964573e+00   1.503218e-01   1.328293e-01   1.625346e-01   2.004738e-01   8.206978e-01
 5.162741e+02   1.208409e+00  -2.789408e+00   4.272034e-01   6.131786e-02  -1.906427e+00   9.440958e+01   2.782692e-01   8.137872e-01   5.483992e+00   3.456430e+02   1.507609e+01   1.609709e-01   1.183684e-01   1.193248e-01   9.800729e-02   3.646258e+00   1.197517e-01   1.512991e-01   9.179349e-02   1.370748e-01   8.171210e-01
 5.152921e+02   1.190105e+00  -2.837436e+00   4.478888e-01   6.354425e-02  -1.846021e+00   1.642158e+02   2.825559e-01   7.917245e-01   7.209776e+00   4.399897e+02   1.246706e+01   1.184875e-01   1.722672e-01   8.565539e-02   1.357798e-01   4.385637e+00   1.292016e-01   1.166545e-01   5.420398e-02   9.800662e-02   8.626102e-01
 5.207256e+02   1.234499e+00  -2.765190e+00   4.525911e-01   5.921357e-02  -2.484195e+00   9.755327e+01   2.078078e-01   7.830710e-01   4.194129e+00   1.861233e+02   3.714330e+01   1.545260e-01   5.000000e-02   1.072280e-01   5.000000e-02   4.245950e+00   1.188653e-01   2.054538e-01   1.555099e-01   2.454639e-01   8.117302e-01
 5.192078e+02   1.214310e+00  -2.786334e+00   5.454908e-01   6.315091e-02  -2.064133e+00   7.405990e+01   2.827194e-01   9.365701e-01   5.825041e+00   4.945656e+02   1.019175e+01   1.445480e-01   1.684068e-01   1.166163e-01   1.883195e-01   3.473603e+00   1.705170e-01   1.169495e-01   1.138885e-01   1.917180e-01   8.481867e-01
 5.192578e+02   1.150000e+00  -3.162983e+00   4.996619e-01   5.614151e-02  -2.539563e+00   1.664984e+02   1.555053e-01   7.139740e-01   6.815844e+00   1.394892e+02   3.058547e+01   1.330964e-01   7.190754e-02   1.149364e-01   1.062426e-01   3.862277e+00   2.093802e-01   7.601795e-02   1.205141e-01   2.890333e-01   8.405697e-01
 5.248858e+02   1.210803e+00  -2.704832e+00   4.623606e-01   5.819717e-02  -2.344418e+00   1.000000e+01   8.199814e-02   9.059860e-01   1.246234e+01   3.508777e+02   3.229300e+01   1.489936e-01   7.184094e-02   9.538252e-02   1.378405e-01   3.478881e+00   8.873637e-02   2.098739e-01   9.457119e-02   1.988938e-01   8.064847e-01
 5.246448e+02   1.194508e+00  -2.563506e+00   5.281237e-01   6.885639e-02  -1.682749e+00   1.640060e+01   6.736165e-01   5.554628e-01   0.000000e+00   5.003206e+02   2.862743e+01   1.746508e-01   1.997969e-01   8.880387e-02   3.455710e-01   2.931553e+00   2.240970e-01   9.749082e-02   1.015189e-01   2.044784e-01   8.357174e-01
 5.238837e+02   1.150000e+00  -2.343956e+00   5.351903e-01   5.455165e-02  -9.946653e-01   1.210313e+02   3.894954e-01   4.497403e-01   7.042593e+00   2.143551e+02   4.349384e+01   1.326806e-01   1.272175e-01   1.329476e-01   1.757666e-01   3.348051e+00   1.169291e-01   1.713190e-01   1.453542e-01   5.116060e-02   8.009206e-01
 5.167664e+02   1.152406e+00  -2.814126e+00   4.196401e-01   5.392314e-02  -1.263715e+00   1.329229e+02   1.054930e-01   7.664045e-01   4.416154e+00   4.508616e+02   2.711109e+01   1.449715e-01   1.719266e-01   1.097770e-01   8.111603e-02   4.287783e+00   1.064167e-01   9.408580e-02   1.009398e-01   1.719930e-01   8.280585e-01
 5.163655e+02   1.150000e+00  -3.115243e+00   4.626844e-01   7.270763e-02  -5.050637e-01   2.304258e+02   3.827464e-01   5.375792e-01   9.542039e+00   4.488386e+02   4.858420e+01   1.001835e-01   1.617561e-01   1.000994e-01   1.283270e-01   4.961873e+00   1.453737e-01   2.705612e-01   1.492884e-01   6.123223e-02   8.337622e-01
 5.319162e+02   1.167365e+00  -2.570373e+00   5.842803e-01   7.019415e-02  -2.075040e+00   5.321384e+01   6.264750e-02   7.927921e-01   6.502509e-01   2.951691e+02   3.004021e+01   1.645091e-01   1.423174e-01   8.908486e-02   1.473700e-01   4.241542e+00   1.763115e-01   1.522815e-01   5.000000e-02   1.226258e-01   8.294129e-01
 5.157268e+02   1.150000e+00  -2.771004e+00   4.151618e-01   5.946595e-02  -1.727632e+00   8.508850e+01   1.543227e-01   8.857085e-01   4.634476e+00   2.850840e+02   3.262929e+01   1.370418e-01   1.587612e-01   1.021532e-01   7.645795e-02   2.089682e+00   1.555288e-01   7.428205e-02   1.047755e-01   1.585281e-01   8.262344e-01
 5.190641e+02   1.150000e+00  -2.748144e+00   4.521818e-01   6.242897e-02  -2.105225e+00   9.746311e+01   1.819578e-01   7.324878e-01   5.388206e+00   3.892673e+02   2.685030e+01   1.209500e-01   8.238911e-02   1.093997e-01   1.167942e-01   3.260434e+00   1.625737e-01   1.003160e-01   1.026759e-01   1.287076e-01   8.665681e-01
 5.142662e+02   1.154320e+00  -2.832499e+00   4.607011e-01   5.618891e-02  -2.411888e+00   9.253477e+01   1.641234e-01   8.668748e-01   4.423756e+00   6.116705e+02   3.273213e+01   1.235836e-01   1.615145e-01   1.056371e-01   1.286479e-01   5.017081e+00   1.706478e-01   1.538543e-01   8.249266e-02   1.358563e-01   8.195913e-01
 5.186700e+02   1.233878e+00  -2.625016e+00   4.632785e-01   6.182476e-02  -2.121507e+00   1.212617e+02   1.727669e-01   8.868910e-01   4.693540e+00   3.462197e+02   1.874267e+01   1.330348e-01   1.610242e-01   1.148204e-01   8.484346e-02   3.454934e+00   1.450960e-01   1.600363e-01   1.098124e-01   1.111754e-01   8.309939e-01
 5.195428e+02   1.244112e+00  -2.695878e+00   4.757927e-01   5.224177e-02  -1.690423e+00   9.582935e+01   2.667518e-01   7.886118e-01   4.237972e+00   3.518260e+02   4.484144e+01   1.524509e-01   1.615803e-01   9.720232e-02   1.030267e-01   3.764884e+00   1.128219e-01   1.283294e-01   1.820544e-01   1.417981e-01   8.173757e-01
 5.289277e+02   1.212093e+00  -2.826509e+00   4.441219e-01   6.581145e-02  -2.866695e+00   7.899550e+01   2.251585e-01   8.218875e-01   5.405003e+00   3.769682e+02   6.202328e+01   1.343777e-01   1.291595e-01   1.215589e-01   1.607079e-01   3.730389e+00   1.512470e-01   1.935370e-01   1.566911e-01   1.772258e-01   8.122090e-01
 5.286909e+02   1.150000e+00  -2.675616e+00   4.625051e-01   5.259947e-02  -1.728461e+00   4.889365e+01   6.027589e-02   9.559963e-01   6.289904e+00   4.644024e+02   3.206068e+01   1.313584e-01   1.234791e-01   1.281568e-01   9.465069e-02   3.553102e+00   8.090669e-02   1.505975e-01   2.067763e-01   1.593769e-01   8.135557e-01
 5.198034e+02   1.238702e+00  -2.821034e+00   4.369835e-01   4.820264e-02  -2.038683e+00   7.308670e+01   1.399827e-01   7.789395e-01   3.414392e+00   1.647289e+02   2.018345e+01   1.259419e-01   1.947604e-01   9.399911e-02   6.334435e-02   3.716867e+00   1.341507e-01   1.943527e-01   1.065159e-01   1.652870e-01   8.638637e-01
 5.215009e+02   1.198237e+00  -2.630782e+00   5.851810e-01   6.093554e-02  -2.469195e+00   4.743121e+01   2.013682e-01   9.391384e-01   5.196558e+00   3.566207e+02   6.433861e+01   1.229151e-01   6.983961e-02   1.214803e-01   9.961252e-02   4.052333e+00   1.206064e-01   1.929450e-01   1.262883e-01   1.117376e-01   8.175054e-01
 5.301234e+02   1.191543e+00  -2.574404e+00   5.856955e-01   5.436421e-02  -2.285461e+00   1.471093e+02   6.754303e-01   1.604230e-01   4.458228e+01   9.239025e+02   8.873671e+01   1.267311e-01   1.535876e-01   1.215189e-01   2.299972e-01   2.995123e+00   2.640181e-01   5.000000e-02   1.072265e-01   2.221810e-01   8.000000e-01
 5.170033e+02   1.218053e+00  -2.755619e+00   4.464194e-01   5.716945e-02  -1.890083e+00   6.956552e+01   2.289117e-01   8.906032e-01   4.723592e+00   4.537215e+02   3.116692e+01   1.149510e-01   1.949465e-01   1.070561e-01   1.084414e-01   3.413070e+00   1.153302e-01   1.879826e-01   1.092221e-01   2.051064e-01   8.029557e-01
 5.156907e+02   1.162528e+00  -2.898823e+00   4.264703e-01   5.568092e-02  -1.939960e+00   7.322561e+01   1.888499e-01   8.870683e-01   3.727073e+00   2.949459e+02   3.378821e+01   1.629208e-01   1.699002e-01   1.228951e-01   8.870674e-02   3.098082e+00   1.245084e-01   1.164031e-01   1.216235e-01   1.815384e-01   8.093042e-01
 5.221771e+02   1.150000e+00  -2.971184e+00   5.563663e-01   6.522446e-02  -1.608786e+00   1.000000e+01   1.810670e-01   2.876082e-01   4.934456e+01   8.623592e+02   4.985056e+01   8.675991e-02   2.733892e-01   1.500000e-01   2.948125e-01   6.039565e+00   1.041229e-01   5.000000e-02   2.433335e-01   1.308178e-01   8.182003e-01
 5.168296e+02   1.150000e+00  -2.673920e+00   4.626387e-01   6.127627e-02  -2.034672e+00   2.074913e+02   1.934033e-01   8.602721e-01   7.905313e+00   3.112218e+02   2.430569e+01   1.501804e-01   1.635123e-01   1.436709e-01   7.517051e-02   2.454773e+00   1.621751e-01   6.373306e-02   1.140346e-01   1.844128e-01   8.228973e-01
 5.168931e+02   1.205249e+00  -2.724389e+00   4.449344e-01   5.535801e-02  -1.749975e+00   1.107021e+01   1.757026e-01   8.884121e-01   2.792508e+00   3.724520e+02   4.307078e+01   1.265377e-01   9.445164e-02   9.883538e-02   1.127721e-01   4.790286e+00   1.533999e-01   1.626761e-01   9.741464e-02   1.569123e-01   8.120933e-01
 5.276200e+02   1.472124e+00  -2.370711e+00   5.332411e-01   6.608567e-02  -2.165489e+00   1.529628e+02   4.192126e-01   8.239301e-01   7.872148e+00   4.878285e+02   1.711565e+01   1.649558e-01   2.032163e-01   5.062956e-02   1.991712e-01   4.575825e+00   1.086192e-01   2.038126e-01   3.087506e-01   5.000000e-02   8.080199e-01
 5.190231e+02   1.194762e+00  -2.738225e+00   4.997664e-01   6.706352e-02  -1.898508e+00   3.643498e+01   1.928854e-01   8.679499e-01   4.511639e+00   4.632444e+02   6.481707e+01   1.171428e-01   1.018363e-01   9.891084e-02   1.722764e-01   3.600011e+00   1.518611e-01   2.023059e-01   7.490291e-02   1.529843e-01   8.288021e-01
 5.213292e+02   1.184822e+00  -2.641232e+00   5.987126e-01   6.465602e-02  -1.588582e+00   1.000000e+01   9.156328e-01   5.166184e-02   1.632553e+01   6.584612e+02   5.982952e+01   1.174612e-01   8.765080e-02   1.202705e-01   3.734920e-01   5.239760e+00   2.072560e-01   1.004513e-01   1.494052e-01   2.956170e-01   8.062652e-01
 5.187627e+02   1.259311e+00  -2.766561e+00   5.112410e-01   5.819679e-02  -1.525160e+00   1.187319e+02   2.760408e-01   8.490922e-01   5.251879e+00   3.892333e+02   4.736509e+01   1.591812e-01   1.527548e-01   1.114149e-01   9.816886e-02   2.920464e+00   1.657977e-01   1.715372e-01   7.800954e-02   1.805284e-01   8.139825e-01
 5.202798e+02   1.181504e+00  -2.805360e+00   4.827796e-01   5.516973e-02  -2.667068e+00   6.575521e+01   2.232507e-01   6.075887e-01   3.951253e+00   1.041643e+02   1.626222e+01   2.000000e-01   9.575040e-02   1.393286e-01   1.227783e-01   1.806135e+00   1.215675e-01   1.307900e-01   1.394050e-01   1.891207e-01   8.000000e-01
 5.168875e+02   1.198206e+00  -2.724382e+00   4.832945e-01   5.439077e-02  -1.953971e+00   3.911016e+01   2.642530e-01   9.256742e-01   4.618904e+00   4.000501e+02   4.583369e+01   1.559263e-01   7.501825e-02   1.013471e-01   9.615978e-02   3.130532e+00   1.251224e-01   2.292829e-01   8.861664e-02   1.270271e-01   8.000000e-01
 5.193097e+02   1.150000e+00  -2.747152e+00   4.480873e-01   6.122663e-02  -2.689402e+00   1.000000e+01   2.849330e-01   6.308861e-01   4.130804e+00   3.183860e+02   1.110972e+01   1.965763e-01   8.995108e-02   1.418179e-01   1.199135e-01   2.549541e+00   1.387425e-01   1.254521e-01   1.640978e-01   1.898179e-01   8.101861e-01
 5.273283e+02   1.156997e+00  -2.877283e+00   6.264077e-01   5.654715e-02  -1.622170e+00   1.114529e+02   9.233924e-01   1.579528e-01   6.211616e+01   2.798099e+02   4.617812e+01   1.221262e-01   6.648051e-02   1.478338e-01   3.113899e-01   4.679307e+00   2.490341e-01   1.864678e-01   1.095776e-01   2.656527e-01   8.152467e-01
 5.159185e+02   1.150000e+00  -2.770942e+00   4.776837e-01   6.100924e-02  -7.051797e-01   2.192102e+02   4.647352e-01   8.121626e-01   8.483729e+00   2.099916e+02   3.908388e+01   1.295217e-01   1.232365e-01   1.304562e-01   1.320235e-01   6.393325e+00   1.969304e-01   1.716560e-01   1.411770e-01   1.324936e-01   8.366502e-01
 5.247585e+02   1.236198e+00  -2.750952e+00   4.000000e-01   6.286401e-02  -2.131176e+00   1.353335e+02   2.022664e-01   6.276768e-01   3.353374e+00   3.972749e+02   1.915002e+01   1.377784e-01   1.637272e-01   1.152727e-01   8.158064e-02   3.197572e+00   1.238259e-01   2.069509e-01   1.033316e-01   7.344586e-02   8.385658e-01
 5.148076e+02   1.150000e+00  -2.691951e+00   4.222513e-01   5.056656e-02  -1.536698e+00   7.726326e+01   1.490067e-01   8.962799e-01   4.015526e+00   2.728857e+02   2.701645e+01   1.354923e-01   1.327826e-01   1.326647e-01   7.442556e-02   2.027087e+00   1.431968e-01   1.426768e-01   9.146011e-02   1.825165e-01   8.113501e-01
 5.182481e+02   1.284187e+00  -2.748260e+00   4.070804e-01   5.154348e-02  -1.492347e+00   1.000000e+01   1.978381e-01   9.009124e-01   2.686728e+00   1.109397e+02   1.604902e+01   1.935975e-01   1.570306e-01   1.157190e-01   5.000000e-02   2.218561e+00   1.273191e-01   9.634868e-02   7.953188e-02   2.048061e-01   8.012355e-01
 5.289676e+02   1.364183e+00  -2.962579e+00   5.910000e-01   6.371533e-02  -1.673696e+00   2.024045e+02   5.666711e-01   5.751503e-01   8.042583e+00   5.465363e+02   2.390778e+01   1.020490e-01   2.409344e-01   6.022977e-02   2.266220e-01   3.375250e+00   1.844603e-01   1.092673e-01   1.773939e-01   3.279737e-01   8.317298e-01
 5.210273e+02   1.151247e+00  -2.803931e+00   5.412460e-01   6.011407e-02  -2.014523e+00   1.000000e+01   3.107467e-01   4.386559e-01   7.284496e+00   4.752187e+02   4.733188e+01   1.185772e-01   1.351816e-01   1.376075e-01   3.092287e-01   4.457416e+00   1.746837e-01   1.186760e-01   6.871705e-02   1.507937e-01   8.262688e-01
 5.169889e+02   1.252477e+00  -2.639599e+00   4.699969e-01   5.956722e-02  -2.132411e+00   8.504501e+01   2.208891e-01   8.309795e-01   4.877778e+00   5.384362e+02   3.683995e+01   1.295660e-01   1.531297e-01   1.036632e-01   1.455940e-01   5.093427e+00   1.530239e-01   2.078859e-01   1.161851e-01   8.291746e-02   8.211376e-01
 5.166975e+02   1.169630e+00  -2.750731e+00   4.606196e-01   6.512930e-02  -2.043678e+00   1.202761e+02   1.854752e-01   7.523300e-01   5.233397e+00   4.358315e+02   1.565828e+01   1.134537e-01   1.860634e-01   1.032884e-01   5.000000e-02   3.421275e+00   1.439678e-01   1.049114e-01   1.132220e-01   5.000000e-02   8.504126e-01
 5.191928e+02   1.221447e+00  -2.769874e+00   5.009591e-01   6.121714e-02  -1.395294e+00   1.435946e+02   3.037302e-01   9.017466e-01   5.989844e+00   7.297527e+02   4.186712e+01   1.362530e-01   1.079678e-01   5.330433e-02   1.733441e-01   4.015254e+00   1.998991e-01   2.084434e-01   1.356713e-01   2.287083e-01   8.288260e-01
 5.173933e+02   1.150000e+00  -2.741059e+00   4.745710e-01   5.708862e-02  -3.224057e+00   7.356379e+01   3.365616e-01   9.280180e-01   4.803734e+00   4.380658e+02   2.689765e+01   1.268270e-01   1.044975e-01   1.267718e-01   1.515642e-01   4.803099e+00   1.350961e-01   1.102626e-01   9.105527e-02   1.208312e-01   8.176921e-01
 5.161587e+02   1.178834e+00  -3.067916e+00   4.684802e-01   5.605102e-02  -2.214911e+00   2.787324e+01   1.803913e-01   8.548642e-01   3.615166e+00   3.715976e+02   1.449433e+01   1.523055e-01   9.256588e-02   1.341333e-01   9.257636e-02   3.078496e+00   1.575119e-01   1.357345e-01   1.702538e-01   2.289205e-01   8.104650e-01
 5.177288e+02   1.154559e+00  -2.686551e+00   4.291834e-01   6.445801e-02  -1.994566e+00   1.164132e+02   1.582445e-01   7.016233e-01   4.391017e+00   4.266847e+02   1.165469e+01   1.265953e-01   1.566615e-01   1.094162e-01   1.124643e-01   3.793318e+00   1.428396e-01   1.535834e-01   1.089295e-01   6.476364e-02   8.408837e-01
 5.185190e+02   1.185702e+00  -2.857850e+00   5.446750e-01   5.456615e-02  -2.082583e+00   8.418140e+01   2.936456e-01   8.270196e-01   5.172243e+00   4.167026e+02   2.880777e+01   1.523174e-01   2.115704e-01   1.155185e-01   1.939973e-01   3.034866e+00   1.510608e-01   1.572648e-01   1.073388e-01   1.667355e-01   8.157460e-01
 5.206130e+02   1.194717e+00  -2.729242e+00   5.568688e-01   6.271035e-02  -2.494959e+00   2.238573e+02   1.551326e-01   8.588529e-01   9.194898e+00   3.566497e+02   1.000000e+01   1.674531e-01   8.690383e-02   1.058900e-01   1.418841e-01   3.056212e+00   1.592346e-01   1.663090e-01   1.641904e-01   1.890802e-01   8.343333e-01
 5.159652e+02   1.203578e+00  -2.780284e+00   4.835073e-01   5.777438e-02  -1.283557e+00   4.494804e+01   1.882063e-01   8.834146e-01   4.144573e+00   3.146173e+02   3.177377e+01   1.425273e-01   1.062750e-01   9.334478e-02   1.304497e-01   4.446709e+00   1.327548e-01   1.646071e-01   1.396465e-01   1.919187e-01   8.033624e-01
 5.193989e+02   1.167861e+00  -2.774933e+00   4.714700e-01   6.457083e-02  -2.503436e+00   1.400855e+02   2.013656e-01   7.339337e-01   6.746467e+00   3.018125e+02   1.441819e+01   1.322676e-01   2.068021e-01   1.088879e-01   1.113099e-01   3.890335e+00   1.903671e-01   1.735122e-01   1.011423e-01   1.606784e-01   8.231788e-01
 5.204865e+02   1.287638e+00  -2.863413e+00   4.868185e-01   5.344273e-02  -1.756849e+00   1.263588e+02   1.689018e-01   9.043535e-01   5.911374e+00   3.264614e+02   1.397197e+01   1.394541e-01   1.717555e-01   1.272063e-01   1.627844e-01   1.691757e+00   1.635177e-01   1.755519e-01   1.270066e-01   2.114416e-01   8.213294e-01
 5.157941e+02   1.188094e+00  -2.759250e+00   4.169451e-01   5.139802e-02  -1.749514e+00   9.560970e+01   2.124508e-01   8.635449e-01   5.477189e+00   3.780114e+02   3.119053e+01   1.295912e-01   2.106341e-01   9.924182e-02   1.119571e-01   4.269916e+00   1.554610e-01   9.478602e-02   1.335740e-01   8.279460e-02   8.005852e-01
 5.193143e+02   1.209045e+00  -2.670436e+00   5.003658e-01   5.673924e-02  -2.467121e+00   9.354078e+01   1.435412e-01   8.649085e-01   4.892243e+00   1.143277e+02   4.052534e+01   1.298931e-01   1.053188e-01   1.043882e-01   5.502184e-02   2.139775e+00   1.421720e-01   1.593917e-01   1.498739e-01   1.918142e-01   8.046947e-01
 5.206807e+02   1.220647e+00  -2.689361e+00   4.541458e-01   4.886799e-02  -1.720537e+00   1.000000e+01   3.184022e-01   8.180031e-01   4.183005e+00   8.468570e+01   1.660643e+01   1.693431e-01   6.682719e-02   1.309235e-01   9.872493e-02   2.071028e+00   1.561035e-01   1.534597e-01   1.889175e-01   1.872569e-01   8.000000e-01
 5.192410e+02   1.219380e+00  -2.500861e+00   4.785981e-01   6.017204e-02  -1.765980e+00   1.192265e+02   2.891250e-01   8.032261e-01   5.528168e+00   5.204303e+02   1.472425e+01   1.326935e-01   1.169488e-01   1.093325e-01   1.246629e-01   2.651624e+00   1.560808e-01   1.013857e-01   1.279827e-01   1.161854e-01   8.308984e-01
 5.366251e+02   1.150000e+00  -2.096910e+00   5.187695e-01   6.909628e-02  -2.060580e+00   1.000000e+01   9.764745e-01   2.854860e-01   4.014555e+01   6.878240e+02   8.016158e+01   1.299638e-01   5.000000e-02   7.906776e-02   5.509697e-01   4.198778e+00   2.911844e-01   5.000000e-02   2.163111e-01   1.044081e-01   8.023114e-01
 5.259948e+02   1.173109e+00  -2.418666e+00   4.742676e-01   6.500653e-02  -2.235345e+00   1.000000e+01   1.553089e-01   8.914441e-01   2.343439e+00   3.889619e+02   5.057602e+01   1.289940e-01   6.522811e-02   1.082856e-01   6.400594e-02   5.115278e+00   1.705532e-01   2.623198e-01   8.590559e-02   1.218112e-01   8.066906e-01
 5.263046e+02   1.150000e+00  -2.604523e+00   5.673850e-01   7.029104e-02  -2.001102e+00   1.000000e+01   4.867040e-01   3.507081e-01   3.182539e+01   9.735391e+02   5.164124e+01   7.771035e-02   2.673260e-01   1.107925e-01   1.617289e-01   3.679842e+00   1.153883e-01   1.741294e-01   2.075507e-01   1.352983e-01   8.108488e-01
 5.242132e+02   1.189122e+00  -2.526980e+00   5.875266e-01   5.592998e-02  -1.449363e+00   1.806239e+02   4.268624e-01   6.701237e-01   6.920244e+00   4.815935e+02   6.414676e+01   1.319681e-01   1.497259e-01   6.747741e-02   1.992578e-01   4.305430e+00   1.857641e-01   1.851185e-01   1.453961e-01   1.413011e-01   8.099607e-01
 5.240705e+02   1.152569e+00  -3.099426e+00   6.060180e-01   4.418059e-02  -2.387986e+00   1.000000e+01   2.262598e-01   2.213629e-01   2.916533e+01   2.007844e+02   1.000000e+01   8.697973e-02   1.656577e-01   7.654068e-02   2.605514e-01   2.950546e+00   2.727473e-01   2.954258e-01   1.034228e-01   3.568845e-01   8.000000e-01
 5.260220e+02   1.172487e+00  -2.772871e+00   4.739648e-01   5.800469e-02  -1.998977e+00   3.950256e+01   8.701532e-02   7.567674e-01   9.493078e+00   5.370960e+02   5.958984e+01   1.321244e-01   1.367969e-01   9.952009e-02   1.176193e-01   3.680842e+00   1.393129e-01   2.029195e-01   7.363401e-02   7.950141e-02   8.655520e-01
 5.216859e+02   1.358569e+00  -3.029948e+00   5.222676e-01   4.839072e-02  -2.501915e+00   3.464302e+01   3.497263e-01   9.800612e-01   5.175637e+00   1.238425e+02   2.290397e+01   2.000000e-01   1.269158e-01   1.215664e-01   9.271418e-02   3.376257e+00   1.534149e-01   1.086986e-01   1.445121e-01   1.715245e-01   8.207048e-01
 5.260669e+02   1.150658e+00  -3.075297e+00   4.127900e-01   5.109081e-02  -2.753175e+00   5.031855e+01   3.481000e-01   7.036858e-01   4.564035e+00   5.281480e+02   1.244785e+01   1.833761e-01   5.935133e-02   1.500000e-01   9.471866e-02   3.995308e+00   1.426898e-01   2.024181e-01   2.520838e-01   2.838793e-01   8.211174e-01
 5.236158e+02   1.265433e+00  -2.511891e+00   6.452438e-01   5.894535e-02  -1.200910e+00   1.202125e+01   7.255900e-01   2.688545e-01   3.165743e+01   7.026299e+02   7.936775e+01   1.106688e-01   2.113002e-01   1.190194e-01   2.399627e-01   5.732456e+00   1.428957e-01   6.368613e-02   1.599560e-01   1.191729e-01   8.194146e-01
 5.370372e+02   1.193550e+00  -2.649893e+00   4.635124e-01   5.092325e-02  -2.908141e+00   1.000000e+01   2.370909e-01   4.283564e-01   0.000000e+00   2.506625e+02   3.225270e+01   1.911062e-01   1.634500e-01   1.449181e-01   2.134965e-01   2.763464e+00   1.411439e-01   1.379629e-01   1.969130e-01   2.300388e-01   8.224761e-01
 5.240393e+02   1.201122e+00  -2.830676e+00   5.461431e-01   5.456582e-02  -2.573751e+00   1.219806e+02   3.901364e-01   6.070732e-01   5.879851e+00   2.517990e+02   8.673737e+01   1.692521e-01   5.591712e-02   5.143398e-02   2.086837e-01   2.752029e+00   1.822303e-01   1.769603e-01   8.357331e-02   3.453492e-01   8.090703e-01
 5.365774e+02   1.154493e+00  -2.184896e+00   4.764671e-01   5.779065e-02  -2.428626e+00   1.023629e+02   2.201180e-01   7.258224e-01   6.130149e+00   3.293970e+02   7.358313e+01   1.727226e-01   1.419215e-01   1.452644e-01   1.431531e-01   7.127565e+00   1.133076e-01   1.442308e-01   2.086099e-01   8.976630e-02   9.224426e-01
 5.171616e+02   1.193223e+00  -2.689906e+00   4.370798e-01   6.575527e-02  -1.609984e+00   1.360686e+02   1.233538e-01   8.099419e-01   5.031903e+00   5.136638e+02   3.054352e+01   1.056425e-01   2.025004e-01   9.589700e-02   1.441967e-01   2.189137e+00   1.522916e-01   8.542437e-02   7.508486e-02   1.736343e-01   8.497933e-01
 5.256546e+02   1.208319e+00  -2.506017e+00   5.886317e-01   6.227495e-02  -1.377617e+00   1.000000e+01   6.398369e-01   1.606160e-01   2.407903e+01   7.885173e+02   8.482822e+01   7.879208e-02   2.464612e-01   1.110611e-01   2.750739e-01   6.325880e+00   1.338250e-01   6.761511e-02   3.245675e-01   1.631742e-01   8.280923e-01
 5.225492e+02   1.297086e+00  -2.658549e+00   4.687253e-01   5.114405e-02  -2.028413e+00   1.221343e+02   3.180263e-01   7.585940e-01   5.102067e+00   2.990358e+02   4.007565e+01   1.226410e-01   1.813932e-01   1.338861e-01   8.511724e-02   2.805130e+00   1.414039e-01   7.192735e-02   8.404988e-02   1.792052e-01   8.976166e-01
 5.236954e+02   1.215451e+00  -3.075196e+00   6.199824e-01   5.830200e-02  -2.377854e+00   1.000000e+01   9.567216e-02   6.417536e-01   5.591917e+00   1.605110e+02   1.000000e+01   1.687706e-01   1.156841e-01   1.303550e-01   3.582981e-01   2.190655e+00   1.612214e-01   1.104549e-01   2.571015e-01   2.721012e-01   8.275227e-01
 5.138000e+02   1.201628e+00  -2.725996e+00   4.349824e-01   6.405107e-02  -2.160338e+00   1.279811e+02   1.883079e-01   9.074338e-01   5.549588e+00   4.869605e+02   1.426865e+01   1.198866e-01   1.841462e-01   1.044254e-01   1.568616e-01   4.674365e+00   1.599657e-01   1.084756e-01   9.741522e-02   1.063016e-01   8.502407e-01
 5.144022e+02   1.243973e+00  -2.998730e+00   4.388136e-01   5.840118e-02  -1.715273e+00   6.177127e+01   2.458907e-01   8.518891e-01   4.430143e+00   6.197422e+02   2.108729e+01   1.473923e-01   1.290125e-01   1.243963e-01   9.980372e-02   4.446927e+00   1.235906e-01   1.940180e-01   1.113640e-01   9.070754e-02   8.112872e-01
 5.138304e+02   1.181397e+00  -2.634468e+00   4.793558e-01   5.595385e-02  -1.591495e+00   3.808873e+01   2.698437e-01   9.403038e-01   4.327186e+00   4.673554e+02   3.380944e+01   1.343473e-01   1.521217e-01   1.180641e-01   8.946700e-02   3.504185e+00   1.368600e-01   1.308663e-01   8.251168e-02   1.146024e-01   8.077973e-01
 5.206968e+02   1.297361e+00  -2.611845e+00   4.483769e-01   6.376637e-02  -2.151755e+00   1.164706e+02   2.118298e-01   8.317507e-01   4.545459e+00   4.027410e+02   5.132081e+01   9.858912e-02   1.318324e-01   9.128350e-02   9.574442e-02   4.123860e+00   1.560677e-01   1.424166e-01   7.927085e-02   8.490456e-02   8.290762e-01
 5.267662e+02   1.189423e+00  -2.776231e+00   5.805480e-01   5.071342e-02  -1.218721e+00   9.998077e+01   4.381382e-01   5.055672e-01   3.261820e+00   9.293092e+02   8.269757e+01   1.274233e-01   1.685317e-01   3.782600e-02   2.943307e-01   5.906470e+00   2.533621e-01   1.994574e-01   2.173201e-01   3.568781e-01   8.506207e-01
 5.262435e+02   1.150000e+00  -2.804587e+00   4.987521e-01   6.307515e-02  -1.501835e+00   2.020849e+02   1.489944e-01   1.000000e+00   6.818274e+00   1.844791e+02   4.676908e+01   1.136519e-01   1.023084e-01   1.159568e-01   9.710670e-02   5.267943e+00   1.940995e-01   1.272058e-01   7.013286e-02   9.422494e-02   8.053217e-01
 5.177522e+02   1.246400e+00  -2.566968e+00   4.986463e-01   5.966065e-02  -1.722188e+00   1.000000e+01   2.398790e-01   8.585545e-01   3.678927e+00   4.959260e+02   5.673652e+01   1.203248e-01   1.025955e-01   1.000683e-01   7.922610e-02   2.981367e+00   1.026097e-01   1.744040e-01   9.362226e-02   1.603136e-01   8.158642e-01
 5.164900e+02   1.225993e+00  -2.730188e+00   4.588337e-01   5.658744e-02  -1.414230e+00   1.009474e+02   3.341987e-01   9.193336e-01   5.014641e+00   3.697044e+02   4.317577e+01   1.365288e-01   1.307552e-01   1.160292e-01   1.263267e-01   3.573183e+00   1.526072e-01   2.004329e-01   8.658534e-02   9.800338e-02   8.000000e-01
 5.184280e+02   1.195803e+00  -2.887549e+00   4.476732e-01   4.752166e-02  -2.170817e+00   7.057981e+01   1.980751e-01   8.819595e-01   5.000967e+00   2.993652e+02   1.606531e+01   1.722822e-01   1.110212e-01   1.500000e-01   1.133210e-01   2.518057e+00   1.306036e-01   1.129987e-01   9.376635e-02   2.292662e-01   8.142670e-01
 5.160742e+02   1.197303e+00  -2.614782e+00   4.341017e-01   5.781067e-02  -1.914456e+00   4.475500e+01   2.193236e-01   8.461704e-01   3.716351e+00   4.390561e+02   4.009116e+01   1.243823e-01   1.364574e-01   1.068714e-01   7.571716e-02   3.927849e+00   1.522836e-01   1.462173e-01   8.350140e-02   9.483428e-02   8.348388e-01
 5.203756e+02   1.170614e+00  -2.733253e+00   4.602155e-01   6.715376e-02  -1.759451e+00   3.257432e+01   2.591411e-01   7.910179e-01   2.792898e+00   6.937666e+02   4.738057e+01   1.398215e-01   1.233234e-01   1.309343e-01   2.265441e-01   5.567177e+00   1.781878e-01   1.065239e-01   1.249571e-01   2.154603e-01   8.245049e-01
 5.261520e+02   1.157980e+00  -2.767853e+00   4.736350e-01   5.674872e-02  -2.311845e+00   2.916272e+01   7.601300e-02   7.410293e-01   1.230358e+01   1.445161e+02   2.203348e+01   1.936093e-01   1.085588e-01   1.361223e-01   1.188670e-01   2.763198e+00   1.329688e-01   1.291383e-01   1.548179e-01   1.801169e-01   8.222923e-01
 5.171205e+02   1.179290e+00  -3.031401e+00   4.396768e-01   5.651238e-02  -1.968285e+00   3.885203e+01   1.764951e-01   1.000000e+00   4.024056e+00   4.695376e+02   2.765793e+01   1.401428e-01   6.932526e-02   1.240622e-01   1.416238e-01   3.916292e+00   1.335843e-01   2.152616e-01   1.574566e-01   2.032672e-01   8.220799e-01
 5.265313e+02   1.312136e+00  -2.618914e+00   4.143510e-01   6.306349e-02  -2.590099e+00   7.134891e+01   2.215013e-01   8.048283e-01   2.809830e+00   5.847856e+02   4.201565e+01   1.594406e-01   5.000000e-02   1.094532e-01   9.377084e-02   3.293024e+00   1.306975e-01   1.596486e-01   9.328336e-02   1.824540e-01   8.658942e-01
 5.130408e+02   1.197223e+00  -2.910159e+00   4.314802e-01   5.932967e-02  -2.090701e+00   8.213300e+01   2.265477e-01   9.541401e-01   4.635628e+00   4.531527e+02   2.546823e+01   1.224144e-01   1.728459e-01   1.075860e-01   1.736708e-01   3.631421e+00   1.632078e-01   1.222384e-01   1.042525e-01   1.436291e-01   8.238291e-01
 5.270396e+02   1.258980e+00  -2.572385e+00   5.869451e-01   6.768325e-02  -1.496704e+00   5.831574e+01   2.950663e-01   6.738797e-01   5.977712e+00   6.856591e+02   3.997583e+01   1.166112e-01   1.500472e-01   9.151521e-02   9.575807e-02   4.095404e+00   1.758751e-01   1.597888e-01   8.335333e-02   1.967962e-01   8.193628e-01
 5.315153e+02   1.295441e+00  -2.691370e+00   5.730736e-01   6.279216e-02  -1.208806e+00   2.581551e+01   8.387141e-01   3.461838e-02   2.423780e+01   4.299435e+02   5.390456e+01   1.265983e-01   1.763642e-01   4.141101e-02   2.253040e-01   6.204881e+00   1.731251e-01   1.113065e-01   1.912265e-01   3.278462e-01   8.000000e-01
 5.260844e+02   1.150000e+00  -2.936351e+00   4.660001e-01   6.539820e-02  -1.927037e+00   8.832673e+01   3.013525e-01   9.451400e-01   5.713137e+00   4.089958e+02   2.640261e+01   1.461212e-01   1.008611e-01   1.083952e-01   9.751737e-02   3.160890e+00   1.294521e-01   2.148741e-01   2.129005e-01   2.071610e-01   8.313158e-01
 5.248153e+02   1.214559e+00  -2.548944e+00   4.906331e-01   6.825415e-02  -1.949140e+00   2.180138e+02   1.439431e-01   6.731574e-01   9.486054e+00   5.605397e+02   6.295770e+01   5.091294e-02   1.277154e-01   9.299634e-02   1.298390e-01   4.168682e+00   1.454744e-01   2.603662e-01   5.000000e-02   1.401762e-01   8.973047e-01
 5.205937e+02   1.270515e+00  -3.037066e+00   4.512275e-01   5.890480e-02  -2.093806e+00   2.510133e+01   2.854981e-01   7.452047e-01   3.065537e+00   3.358819e+02   2.054201e+01   1.787548e-01   7.318134e-02   1.320013e-01   8.502823e-02   2.923808e+00   1.129584e-01   1.585676e-01   1.420346e-01   2.197988e-01   8.043908e-01
 5.297219e+02   1.382523e+00  -2.865081e+00   5.692140e-01   5.853237e-02  -2.284036e+00   3.001845e+02   4.920814e-01   4.422448e-01   2.373427e+01   5.576863e+02   8.943366e+01   1.205417e-01   1.287583e-01   5.244031e-02   2.956187e-01   3.715764e+00   2.443073e-01   2.320296e-01   1.731281e-01   3.665438e-01   8.035260e-01
 5.158483e+02   1.216886e+00  -2.757764e+00   4.591382e-01   5.112440e-02  -1.494322e+00   1.476143e+02   2.502270e-01   9.912182e-01   5.671623e+00   1.775452e+02   3.239957e+01   1.369033e-01   1.607976e-01   1.040812e-01   1.706114e-01   4.415497e+00   1.391369e-01   1.293880e-01   1.729278e-01   1.499391e-01   8.222312e-01
 5.213182e+02   1.239636e+00  -2.935839e+00   4.439359e-01   5.123876e-02  -1.800925e+00   8.967363e+01   2.099241e-01   8.846587e-01   5.816153e+00   2.763624e+02   2.904740e+01   1.462912e-01   2.396981e-01   1.007803e-01   1.091268e-01   4.105322e+00   1.511754e-01   8.500638e-02   1.009278e-01   1.309606e-01   8.209187e-01
 5.206557e+02   1.232797e+00  -2.658125e+00   4.997583e-01   5.945697e-02  -2.845184e+00   6.396820e+01   3.719802e-01   9.341643e-01   5.056454e+00   8.039958e+02   1.920673e+01   1.561800e-01   1.385331e-01   1.046058e-01   8.950353e-02   5.333985e+00   1.417888e-01   1.788564e-01   1.494883e-01   2.164497e-01   8.517445e-01
 5.287394e+02   1.150000e+00  -3.164882e+00   5.060520e-01   7.447353e-02  -2.462712e+00   8.263264e+01   4.817821e-02   6.956983e-01   5.364260e+01   5.688062e+02   4.164727e+01   1.435150e-01   8.242041e-02   1.072896e-01   2.081090e-01   4.365782e+00   1.489986e-01   5.578424e-02   1.994286e-01   1.919092e-01   8.397737e-01
 5.180273e+02   1.193835e+00  -2.583927e+00   5.788409e-01   5.732399e-02  -1.382600e+00   2.956977e+02   1.374371e-01   6.073501e-01   2.011525e+01   1.958485e+02   2.815158e+01   1.278362e-01   5.260486e-02   1.261549e-01   1.238430e-01   3.427877e+00   2.293211e-01   6.722721e-02   2.357098e-01   1.517094e-01   8.441101e-01
 5.148840e+02   1.180416e+00  -2.792325e+00   4.211788e-01   5.199930e-02  -1.695106e+00   1.081471e+02   2.145128e-01   8.866778e-01   4.675466e+00   3.717453e+02   2.417358e+01   1.345791e-01   2.045333e-01   1.086173e-01   1.174215e-01   3.560780e+00   1.573428e-01   1.182161e-01   1.049917e-01   1.617785e-01   8.192164e-01
 5.187266e+02   1.170886e+00  -2.798789e+00   4.756085e-01   5.702812e-02  -2.195796e+00   3.605816e+01   1.957547e-01   7.725354e-01   4.347656e+00   5.108019e+02   3.242600e+01   1.449389e-01   1.585734e-01   1.143298e-01   1.551914e-01   3.730493e+00   1.430790e-01   1.371658e-01   1.305745e-01   1.799573e-01   8.297174e-01
 5.203979e+02   1.186500e+00  -2.876743e+00   4.479859e-01   5.149817e-02  -2.183527e+00   6.629624e+01   2.947340e-01   7.959807e-01   3.687342e+00   1.629602e+02   3.157101e+01   1.586082e-01   1.069085e-01   9.988133e-02   8.842093e-02   3.679945e+00   1.728185e-01   1.684129e-01   1.162632e-01   1.978698e-01   8.066727e-01
 5.221176e+02   1.166786e+00  -2.599959e+00   5.284490e-01   6.233842e-02  -1.935587e+00   1.000000e+01   4.322152e-01   1.443102e-01   2.440719e+01   6.738693e+01   5.670410e+01   1.070665e-01   1.284705e-01   1.099361e-01   8.154148e-02   2.688439e+00   1.401797e-01   1.556402e-01   1.174583e-01   1.708910e-01   8.300044e-01
 5.198409e+02   1.242011e+00  -2.554454e+00   4.708087e-01   6.314191e-02  -1.885462e+00   8.909229e+01   2.687293e-01   8.150290e-01   6.050864e+00   4.191807e+02   2.303879e+01   1.366479e-01   2.143027e-01   1.082085e-01   1.313159e-01   3.634868e+00   1.439459e-01   9.558159e-02   9.984266e-02   8.202646e-02   8.256968e-01
 5.181799e+02   1.246578e+00  -2.839847e+00   4.266529e-01   6.296403e-02  -1.576152e+00   1.060537e+02   2.198879e-01   8.990387e-01   4.061902e+00   4.418704e+02   1.487176e+01   1.290389e-01   2.541978e-01   1.086084e-01   9.591533e-02   3.808846e+00   1.466683e-01   1.605593e-01   8.243896e-02   1.322095e-01   8.213842e-01
 5.178542e+02   1.202265e+00  -2.437394e+00   4.150136e-01   5.746056e-02  -1.869680e+00   1.476695e+02   3.299791e-01   9.328139e-01   6.023287e+00   5.184976e+02   1.158795e+01   1.169251e-01   2.275802e-01   1.024812e-01   1.144227e-01   3.588212e+00   1.350946e-01   1.570256e-01   1.327027e-01   5.950256e-02   8.659718e-01
 5.214673e+02   1.266615e+00  -2.988750e+00   4.961658e-01   6.637119e-02  -1.379192e+00   2.568850e+02   4.237951e-01   7.693584e-01   1.331149e+01   3.015164e+02   2.015970e+01   1.539037e-01   1.194609e-01   1.152021e-01   1.712356e-01   1.821532e+00   1.603920e-01   2.016504e-01   9.671216e-02   2.135749e-01   8.030201e-01
 5.362627e+02   1.156894e+00  -2.811675e+00   5.988844e-01   6.106552e-02  -1.399038e+00   1.660029e+02   4.756720e-01   0.000000e+00   4.137991e+01   7.088507e+02   9.016230e+01   8.213561e-02   2.938853e-01   1.045027e-01   4.663848e-01   4.165859e+00   1.514297e-01   9.756995e-02   1.401808e-01   4.401271e-01   8.675810e-01
 5.339762e+02   1.204638e+00  -2.741711e+00   4.678945e-01   5.790490e-02  -2.881626e+00   3.666475e+01   3.077828e-01   8.363283e-01   5.550274e+00   8.309100e+01   4.116872e+01   1.740528e-01   9.719972e-02   1.391375e-01   1.146905e-01   3.331574e+00   9.231912e-02   1.485277e-01   1.712168e-01   1.546477e-01   8.058672e-01
 5.233975e+02   1.150000e+00  -2.730740e+00   5.786935e-01   5.234904e-02  -7.252308e-01   2.119391e+01   4.622324e-01   1.513410e-01   3.144188e+01   8.555032e+02   6.925273e+01   1.197519e-01   2.171622e-01   1.192772e-01   3.011527e-01   3.344778e+00   1.790790e-01   1.073844e-01   2.576079e-01   5.000000e-02   8.404464e-01
 5.323288e+02   1.239952e+00  -2.788093e+00   4.661124e-01   5.142063e-02  -2.060995e+00   4.245046e+01   7.354103e-02   5.170116e-01   1.982851e+01   5.537305e+02   3.361453e+01   1.407501e-01   1.140624e-01   1.093481e-01   5.643175e-02   4.475986e+00   1.590974e-01   2.463374e-01   6.825276e-02   1.199256e-01   8.809575e-01
 5.234401e+02   1.152520e+00  -2.751537e+00   4.976920e-01   5.591491e-02  -1.976753e+00   1.102381e+02   2.395539e-01   6.263004e-01   6.524457e+00   3.563857e+02   3.225931e+01   1.478946e-01   1.294964e-01   1.231945e-01   1.251030e-01   2.896519e+00   1.497972e-01   1.104039e-01   1.277637e-01   2.232058e-01   8.115710e-01
 5.239809e+02   1.238340e+00  -2.882706e+00   6.272584e-01   5.561975e-02  -1.046168e+00   1.293154e+01   7.027570e-01   2.061919e-01   2.280342e+01   8.006683e+02   6.852394e+01   1.002201e-01   9.479201e-02   4.269579e-02   2.571216e-01   5.125051e+00   2.470547e-01   1.320700e-01   1.810576e-01   1.830600e-01   8.052130e-01
 5.167236e+02   1.167432e+00  -2.792681e+00   4.746882e-01   5.627360e-02  -2.143792e+00   8.177963e+01   1.158880e-01   7.262282e-01   3.936068e+00   5.419321e+02   3.588029e+01   1.269429e-01   1.563689e-01   1.050905e-01   1.175698e-01   4.508943e+00   1.673637e-01   2.221485e-01   8.102461e-02   1.326549e-01   8.150002e-01
 5.151113e+02   1.150000e+00  -2.811781e+00   4.304161e-01   5.295972e-02  -1.938860e+00   9.646225e+01   2.152841e-01   8.742089e-01   5.120008e+00   3.074631e+02   2.533508e+01   1.408169e-01   1.898090e-01   1.078170e-01   1.033586e-01   3.317507e+00   1.479988e-01   1.192032e-01   1.155763e-01   1.856888e-01   8.131998e-01
 5.215824e+02   1.219214e+00  -2.598194e+00   5.826437e-01   6.307253e-02  -1.719754e+00   1.014590e+01   7.919216e-01   1.680588e-01   1.667458e+01   2.435986e+02   5.154087e+01   1.269797e-01   5.000000e-02   1.103578e-01   2.550698e-01   4.954894e+00   1.551157e-01   7.327846e-02   1.325682e-01   2.816535e-01   8.100935e-01
 5.237918e+02   1.265273e+00  -2.814757e+00   5.129069e-01   6.535802e-02  -2.091839e+00   3.185678e+01   6.866364e-01   2.564718e-01   1.535511e+01   5.557680e+02   3.318213e+01   1.333712e-01   5.000000e-02   1.051843e-01   4.731723e-01   6.360457e+00   9.477738e-02   1.006367e-01   8.701193e-02   1.258534e-01   8.000000e-01
 5.210701e+02   1.168450e+00  -2.582884e+00   5.925994e-01   6.301429e-02  -8.493072e-01   1.000000e+01   4.934470e-01   1.278269e-01   3.983868e+01   9.228715e+02   8.607932e+01   1.026854e-01   2.230782e-01   1.408379e-01   2.515336e-01   4.565286e+00   1.208592e-01   5.000000e-02   3.381924e-01   5.000000e-02   8.208040e-01
 5.218398e+02   1.150000e+00  -2.951213e+00   5.177234e-01   5.655455e-02  -2.179137e+00   2.601820e+01   3.476711e-01   5.418239e-01   4.188509e+00   2.015357e+02   2.048020e+01   1.668585e-01   1.154592e-01   1.217026e-01   1.446173e-01   4.754439e+00   1.380835e-01   1.976039e-01   1.666899e-01   3.214112e-01   8.231177e-01
 5.208919e+02   1.204278e+00  -2.721300e+00   4.088051e-01   5.192213e-02  -1.523116e+00   1.000000e+01   3.888334e-01   7.036328e-01   4.142003e+00   2.851341e+02   5.280415e+01   2.000000e-01   5.945704e-02   1.362465e-01   5.000000e-02   1.218495e+00   1.701795e-01   1.945677e-01   8.667924e-02   5.000000e-02   8.038860e-01
 5.137924e+02   1.162272e+00  -2.703059e+00   4.667007e-01   5.845993e-02  -1.866368e+00   2.643637e+01   2.607147e-01   9.939951e-01   4.033623e+00   4.450323e+02   3.885469e+01   1.297336e-01   1.362457e-01   1.025669e-01   8.678110e-02   2.887316e+00   1.454148e-01   1.420197e-01   6.535497e-02   1.178317e-01   8.250183e-01
 5.270073e+02   1.170591e+00  -2.414354e+00   5.562276e-01   5.134580e-02  -1.869076e+00   1.000000e+01   8.242849e-03   5.567984e-01   2.030129e+01   3.895127e+02   5.250407e+01   1.687385e-01   2.293881e-01   1.343058e-01   2.597790e-01   1.281187e+00   1.234005e-01   1.694066e-01   1.710298e-01   3.692001e-01   8.000000e-01
 5.176609e+02   1.298680e+00  -2.902431e+00   4.993773e-01   5.703119e-02  -1.956426e+00   1.041415e+02   2.336522e-01   8.256863e-01   5.174284e+00   3.294144e+02   1.691907e+01   1.378257e-01   1.127361e-01   1.164211e-01   1.419071e-01   3.176273e+00   1.557803e-01   1.242640e-01   1.588333e-01   1.655039e-01   8.121942e-01
 5.203523e+02   1.150000e+00  -2.526101e+00   5.001570e-01   6.084379e-02  -2.510703e+00   1.194245e+01   5.064255e-01   3.834194e-01   4.670420e+00   6.637530e+02   2.747134e+01   1.333187e-01   8.797562e-02   5.862854e-02   2.688882e-01   5.063351e+00   1.390709e-01   1.544820e-01   1.320435e-01   1.868883e-01   8.065863e-01
 5.331725e+02   1.173452e+00  -2.716423e+00   4.333959e-01   5.664890e-02  -2.750061e+00   9.588930e+01   9.680452e-02   6.380708e-01   1.708528e+01   3.515076e+02   1.785416e+01   1.620790e-01   1.492504e-01   1.452473e-01   1.204892e-01   3.450908e+00   1.308031e-01   1.761045e-01   9.080208e-02   1.610514e-01   8.057849e-01
 5.176427e+02   1.194404e+00  -2.724863e+00   4.306716e-01   6.130887e-02  -1.937640e+00   1.137632e+02   2.241818e-01   8.030232e-01   6.201514e+00   4.247654e+02   1.857198e+01   1.244848e-01   1.901633e-01   1.067822e-01   1.103574e-01   4.043856e+00   1.487186e-01   6.426365e-02   1.071396e-01   5.000000e-02   8.550608e-01
