0.077893 
0.106537 
0.104945 
0.099518 
0.075486 
0.087127 
0.052592 
0.077875 
0.07357 
0.078267 
0.077942 
0.077919 
0.0779 
0.077908 
0.077898 
0.07788 
0.077892 
0.079536 
0.077257 
0.077421 
0.076968 
0.070606 
0.08632 
0.12259 
0.074183 
0.111917 
0.091231 
0.106473 
0.087064 
0.086371 
0.08679 
0.08632 
0.086319 
0.086328 
0.086317 
0.086318 
0.086318 
0.086326 
0.086318 
0.086899 
0.087461 
0.085745 
0.085508 
0.094663 
0.103789 
0.134502 
0.088212 
0.137751 
0.099927 
0.137303 
0.103775 
0.103418 
0.105798 
0.103788 
0.103841 
0.103828 
0.103793 
0.103807 
0.103789 
0.103845 
0.103792 
0.103974 
0.105148 
0.104751 
0.102603 
0.110652 
0.22968 
0.252044 
0.220249 
0.209368 
0.236368 
0.240719 
0.229681 
0.229833 
0.231524 
0.229683 
0.229715 
0.229682 
0.229689 
0.229662 
0.229659 
0.229654 
0.229688 
0.229033 
0.230006 
0.229347 
0.230096 
0.222221 
0.197112 
0.13266 
0.208616 
0.222043 
0.192575 
0.187484 
0.197365 
0.197236 
0.196974 
0.197112 
0.197126 
0.197118 
0.19712 
0.197115 
0.197185 
0.197102 
0.19711 
0.198262 
0.197877 
0.196547 
0.196711 
0.20785 
0.146608 
0.209195 
0.154745 
0.178779 
0.150547 
0.141313 
0.146872 
0.146851 
0.146924 
0.146542 
0.146561 
0.146601 
0.146605 
0.146561 
0.146612 
0.146536 
0.146596 
0.146258 
0.145858 
0.146138 
0.148226 
0.1549 
0.073715 
0.165313 
0.069309 
0.113255 
0.071257 
0.073006 
0.073693 
0.073722 
0.072825 
0.073714 
0.073716 
0.073731 
0.073714 
0.073707 
0.073716 
0.073737 
0.073714 
0.073682 
0.073633 
0.073771 
0.073771 
0.074483 
0.100168 
0.119807 
0.10508 
0.070925 
0.096806 
0.112756 
0.099517 
0.100168 
0.100168 
0.100168 
0.100168 
0.100168 
0.100168 
0.100168 
0.100168 
0.100168 
0.100168 
0.10115 
0.098694 
0.101252 
0.10054 
0.107308 
