Iter Gbest GbestRate[%] IterBestFit normSwarmRadius |gbest-mean(pbest)|/mean(pbest)[%] 
1   5.3501102E+02  100.000   5.3501102E+02   4.3392639E-01   12.306  
2   5.2676622E+02    1.541   5.2676622E+02   3.1882629E-01    8.579  
3   5.1814004E+02    1.638   5.1814004E+02   4.7840428E-01    8.414  
4   5.1814004E+02    0.000   5.2757857E+02   4.3573613E-01    7.648  
5   5.1814004E+02    0.000   5.2863552E+02   4.0302698E-01    6.738  
6   5.1814004E+02    0.000   5.2132918E+02   3.8789396E-01    5.843  
7   5.1814004E+02    0.000   5.2107006E+02   3.6343898E-01    5.000  
8   5.1745858E+02    0.132   5.1745858E+02   3.0747445E-01    4.185  
9   5.1745858E+02    0.000   5.1925782E+02   2.8709384E-01    3.532  
10   5.1745858E+02    0.000   5.2058099E+02   2.4526882E-01    3.073  
11   5.1745858E+02    0.000   5.1986448E+02   2.2296275E-01    2.667  
12   5.1511129E+02    0.454   5.1511129E+02   1.9238845E-01    2.780  
13   5.1511129E+02    0.000   5.2180959E+02   1.7937981E-01    2.590  
14   5.1511129E+02    0.000   5.1712049E+02   1.7000468E-01    2.326  
15   5.1423143E+02    0.171   5.1423143E+02   1.8991277E-01    2.214  
16   5.1423143E+02    0.000   5.1506251E+02   1.7512882E-01    2.045  
17   5.1423143E+02    0.000   5.1426617E+02   1.6322849E-01    1.847  
18   5.1423143E+02    0.000   5.1476225E+02   1.5462011E-01    1.738  
19   5.1379244E+02    0.085   5.1379244E+02   1.2602262E-01    1.662  
20   5.1304084E+02    0.146   5.1304084E+02   1.1003963E-01    1.614  
