x
5.137924e+02
5.142314e+02
5.130408e+02
5.137924e+02
5.130408e+02
5.130408e+02
5.138000e+02
5.130408e+02
5.138000e+02
5.137924e+02
5.130408e+02
5.142314e+02
5.142314e+02
5.130408e+02
5.150625e+02
5.147623e+02
5.138000e+02
5.138304e+02
5.137924e+02
5.142314e+02
5.144022e+02
5.138000e+02
5.138000e+02
5.137924e+02
5.130408e+02
5.148840e+02
5.130408e+02
5.142314e+02
5.151113e+02
5.142314e+02
5.137924e+02
5.137924e+02
5.144022e+02
5.137924e+02
5.130408e+02
5.130408e+02
5.130408e+02
5.137924e+02
5.130408e+02
5.148076e+02
5.130408e+02
5.142314e+02
5.130408e+02
5.142314e+02
5.130408e+02
5.130408e+02
5.138000e+02
5.130408e+02
5.138304e+02
5.130408e+02
5.130408e+02
5.138000e+02
5.137924e+02
5.157268e+02
5.138000e+02
5.148076e+02
5.142314e+02
5.130408e+02
5.138000e+02
5.142314e+02
5.137924e+02
5.148076e+02
5.142314e+02
5.142662e+02
5.142314e+02
5.138000e+02
5.130408e+02
5.142314e+02
5.130408e+02
5.130408e+02
5.138000e+02
5.138304e+02
5.137924e+02
5.138304e+02
5.138000e+02
5.138304e+02
5.138304e+02
5.142314e+02
5.142314e+02
5.130408e+02
5.138304e+02
5.142314e+02
5.138304e+02
5.138000e+02
5.130408e+02
5.138000e+02
5.137924e+02
5.142314e+02
5.130408e+02
5.150625e+02
5.130408e+02
5.142662e+02
5.142314e+02
5.142314e+02
5.151113e+02
5.142314e+02
5.137924e+02
5.138304e+02
5.138000e+02
5.142314e+02
5.138304e+02
5.142314e+02
5.142662e+02
5.142314e+02
5.130408e+02
5.138304e+02
5.138000e+02
5.138000e+02
5.130408e+02
5.130408e+02
5.137924e+02
5.142662e+02
5.142662e+02
5.137924e+02
5.142662e+02
5.142314e+02
5.130408e+02
5.142662e+02
5.138304e+02
5.137924e+02
5.138000e+02
5.137924e+02
5.142314e+02
5.138000e+02
5.130408e+02
5.137924e+02
5.138000e+02
