Neigh1  Neigh2  Neigh3  Neigh4  Neigh5  Neigh6  Neigh7  Neigh8  Neigh9  Neigh10  Neigh11  Neigh12  Neigh13  Neigh14  Neigh15  Neigh16  Neigh17  Neigh18  Neigh19  Neigh20  Neigh21  Neigh22  Neigh23  Neigh24  Neigh25  Neigh26  Neigh27  Neigh28  Neigh29  Neigh30  Neigh31  Neigh32  Neigh33  Neigh34  Neigh35  Neigh36  Neigh37  Neigh38  Neigh39  Neigh40  Neigh41  Neigh42  Neigh43  Neigh44  Neigh45  Neigh46  Neigh47  Neigh48  Neigh49  Neigh50  Neigh51  Neigh52  Neigh53  Neigh54  Neigh55  Neigh56  Neigh57  Neigh58  Neigh59  Neigh60  Neigh61  Neigh62  Neigh63  Neigh64  Neigh65  Neigh66  Neigh67  Neigh68  Neigh69  Neigh70  Neigh71  Neigh72  Neigh73  Neigh74  Neigh75  Neigh76  Neigh77  Neigh78  Neigh79  Neigh80  Neigh81  Neigh82  Neigh83  Neigh84  Neigh85  Neigh86  Neigh87  Neigh88  Neigh89  Neigh90  Neigh91  Neigh92  Neigh93  Neigh94  Neigh95  Neigh96  Neigh97  Neigh98  Neigh99  Neigh100  Neigh101  Neigh102  Neigh103  Neigh104  Neigh105  Neigh106  Neigh107  Neigh108  Neigh109  Neigh110  Neigh111  Neigh112  Neigh113  Neigh114  Neigh115  Neigh116  Neigh117  Neigh118  Neigh119  Neigh120  Neigh121  Neigh122  Neigh123  Neigh124  Neigh125  Neigh126  Neigh127
Part1  1  2  8  12  25  28  30  31  34  42  52  58  65  68  77  85  87  88  92  96  101  102  106  119  122                                                                                                                                                                                                            
Part2  1  2  6  8  9  13  15  29  30  33  37  40  42  50  55  56  60  62  70  72  74  80  83  87  96  100  103  104  105  108  114  121  124  125  127                                                                                                                                                                                        
Part3  1  3  6  7  25  30  31  32  36  38  46  47  50  53  63  72  73  80  82  89  91  96  97  98  99  100  124  126                                                                                                                                                                                                      
Part4  1  4  5  11  12  14  20  22  28  39  41  47  60  63  76  78  115  122  123                                                                                                                                                                                                                        
Part5  4  5  19  23  33  35  45  46  48  50  53  54  59  66  70  73  80  85  89  92  94  95  100  101  102  104  107  113  126                                                                                                                                                                                                    
Part6  6  9  10  19  31  38  45  46  57  58  62  65  70  72  76  79  86  89  90  124                                                                                                                                                                                                                      
Part7  7  8  12  14  39  41  44  48  49  51  56  61  75  86  88  91  96  117  125                                                                                                                                                                                                                        
Part8  4  5  6  8  14  19  22  30  31  33  34  35  37  41  44  45  48  53  54  55  66  79  80  82  85  86  88  89  92  94  96  98  100  103  109  110  112  113  115  120                                                                                                                                                                              
Part9  9  22  31  33  34  37  42  45  46  51  64  69  71  75  83  104  106  107  116  117  124  127                                                                                                                                                                                                                  
Part10  10  14  16  17  29  51  55  62  64  66  84  90  95  96  98  102  112  122  127                                                                                                                                                                                                                        
Part11  3  11  12  19  27  34  35  38  43  51  56  58  77  78  79  89  91  96  109  112  116  118                                                                                                                                                                                                                  
Part12  6  12  20  28  32  47  48  60  63  64  67  68  70  73  76  84  93  106  112  114  116  119                                                                                                                                                                                                                  
Part13  8  12  13  19  21  30  31  32  37  49  50  66  73  90  95  102  104                                                                                                                                                                                                                            
Part14  9  12  14  22  29  30  31  32  36  37  39  45  52  65  89  99  101  107  108  109  114  119                                                                                                                                                                                                                  
Part15  6  10  15  18  26  42  48  53  55  61  67  72  78  90  103  105  112  116                                                                                                                                                                                                                          
Part16  5  10  16  18  21  23  25  30  38  41  44  49  52  53  61  62  65  66  91  95  109  110  113  117  123  125                                                                                                                                                                                                          
Part17  4  12  17  18  30  33  46  47  54  59  75  79  80  85  87  88  90  98  99  100  114  115  126                                                                                                                                                                                                                
Part18  1  4  8  18  31  37  41  42  45  48  52  64  70  72  73  77  78  85  86  88  96  111  118                                                                                                                                                                                                                
Part19  3  8  16  19  28  35  38  41  42  44  52  56  67  70  76  82  86  90  101  106  118  122                                                                                                                                                                                                                  
Part20  1  4  7  11  20  22  24  30  31  32  33  39  53  56  57  59  67  70  72  90  94  104  111  113  126                                                                                                                                                                                                            
Part21  3  7  8  21  24  36  43  44  46  54  68  69  70  73  76  78  79  84  87  90  96  100  115  121                                                                                                                                                                                                              
Part22  6  18  22  23  25  27  37  38  39  40  41  43  50  52  60  64  68  72  75  82  85  97  107                                                                                                                                                                                                                
Part23  8  19  23  37  38  46  49  56  59  74  75  80  84  92  96  100  113  114  117  118                                                                                                                                                                                                                      
Part24  10  12  15  16  22  24  30  34  42  44  47  53  55  64  68  75  82  84  94  95  96  100  110  113  118  122                                                                                                                                                                                                          
Part25  6  13  19  25  33  37  38  47  50  56  59  64  65  71  83  88  89  93  94  96  102  104  113  120  125                                                                                                                                                                                                            
Part26  10  13  15  25  26  27  31  33  36  37  42  60  66  81  82  86  90  93  102  103  104  117  126                                                                                                                                                                                                                
Part27  3  7  8  9  10  18  19  24  27  29  31  34  44  45  53  58  59  76  85  86  89  91  94  99  102  105  110  111  112  114  115  118  122  123  124  125                                                                                                                                                                                      
Part28  3  8  11  28  31  32  45  46  49  50  52  55  60  68  69  80  99  102  106  107  115  127                                                                                                                                                                                                                  
Part29  10  11  13  14  20  21  23  29  38  41  49  66  67  74  83  100  102  110  113  116  124                                                                                                                                                                                                                    
Part30  17  18  22  25  28  30  33  41  43  56  57  58  62  66  85  87  107  112  123  124                                                                                                                                                                                                                      
Part31  5  7  8  13  19  25  31  48  66  84  98  104  112  119  122  123  127                                                                                                                                                                                                                            
Part32  9  11  13  16  24  31  32  34  35  37  44  45  47  48  51  67  69  75  93  95  101  103  105  119  122                                                                                                                                                                                                            
Part33  9  12  14  16  25  33  41  68  76  81  91  92  101  102  110  116  118  119                                                                                                                                                                                                                          
Part34  19  25  28  30  34  50  52  58  59  62  64  79  85  94  97  100  101  102  110  122  123                                                                                                                                                                                                                    
Part35  2  7  13  14  19  22  35  38  47  65  67  71  79  83  89  92  104  108  110  112  114  116  117  124                                                                                                                                                                                                              
Part36  2  4  5  6  9  21  23  32  36  42  46  47  56  82  89  97  98  106  113  115  116  118  122  123  125                                                                                                                                                                                                            
Part37  1  21  25  26  27  28  33  34  36  37  41  43  51  55  63  64  69  74  78  79  89  99  101  112  113  120  123                                                                                                                                                                                                        
Part38  2  4  13  30  36  38  39  41  48  54  61  62  76  85  97  98  102  104  117  122  126                                                                                                                                                                                                                    
Part39  2  5  8  10  14  15  19  28  33  36  37  39  43  50  53  55  61  62  67  69  73  75  77  80  82  85  89  98  104  108  118  120                                                                                                                                                                                              
Part40  2  7  9  19  24  26  32  37  40  45  48  50  56  63  64  69  72  73  86  90  94  95  96  119                                                                                                                                                                                                              
Part41  3  6  12  14  15  17  29  33  41  47  56  85  86  89  90  101  102  106  113  116  126                                                                                                                                                                                                                    
Part42  1  3  5  14  26  37  42  45  47  72  73  74  78  81  85  86  97  101  102  112  114  115  116  117                                                                                                                                                                                                              
Part43  3  9  15  19  23  28  30  43  44  51  60  62  64  65  78  82  83  88  89  92  97  98  106  110  112                                                                                                                                                                                                            
Part44  12  15  20  26  29  31  44  64  66  70  73  82  86  92  94  96  97  102  105  113  114                                                                                                                                                                                                                    
Part45  3  7  8  28  32  35  38  45  46  54  58  62  71  81  83  89  93  99  110  112  115  125                                                                                                                                                                                                                  
Part46  19  22  25  36  42  46  52  60  68  77  82  84  89  98  102  105  108                                                                                                                                                                                                                            
Part47  14  16  26  30  33  36  37  38  47  64  67  75  77  78  97  99  107  113                                                                                                                                                                                                                          
Part48  2  6  10  26  27  35  48  50  54  58  64  67  78  79  89  96  98  99  100  109  122  127                                                                                                                                                                                                                  
Part49  18  19  25  33  34  36  45  49  54  57  60  77  81  83  84  87  90  93  98  107  111  116  124  127                                                                                                                                                                                                              
Part50  13  17  19  31  32  37  43  47  50  54  60  74  89  92  94  101  103  106  121  122                                                                                                                                                                                                                      
Part51  1  2  3  9  11  16  23  24  36  38  46  51  52  54  68  69  89  90  95  100  104  105  106  111  112  114  117  120  123  127                                                                                                                                                                                                  
Part52  5  6  9  11  15  16  18  19  25  30  37  39  52  54  65  70  75  87  91  104  113  127                                                                                                                                                                                                                  
Part53  14  16  19  22  33  43  46  49  52  53  56  60  69  76  81  82  97  99  105  112  114  120  122                                                                                                                                                                                                                
Part54  18  28  30  31  33  44  50  54  56  64  71  78  81  85  86                                                                                                                                                                                                                                
Part55  10  17  29  35  55  67  69  75  77  84  86  94  109  117  124  125                                                                                                                                                                                                                              
Part56  6  8  15  32  50  54  56  62  64  69  73  80  83  92  96  104  105  106  117  127                                                                                                                                                                                                                      
Part57  16  22  29  33  42  46  54  57  61  68  71  74  84  97  108  112                                                                                                                                                                                                                              
Part58  2  14  18  19  32  38  46  47  49  52  54  58  62  64  65  67  68  70  80  89  90  94  97  101  117  124                                                                                                                                                                                                          
Part59  4  6  25  29  30  44  46  49  51  52  54  56  58  59  60  66  72  75  81  98  105  114  115  127                                                                                                                                                                                                              
Part60  1  10  18  22  23  24  31  44  45  46  48  49  52  56  60  73  74  79  81  83  85  91  92  93  98  99  113  120  126                                                                                                                                                                                                    
Part61  6  15  19  26  29  36  37  45  46  47  51  52  61  66  70  75  79  80  103  106  112  114  120  122  127                                                                                                                                                                                                            
Part62  5  19  21  26  30  43  45  46  62  70  84  85  88  95  98  100  102  104  116                                                                                                                                                                                                                        
Part63  1  5  13  16  20  21  22  25  40  55  63  65  80  81  84  90  116  119                                                                                                                                                                                                                          
Part64  2  3  4  23  28  31  41  49  51  53  60  61  64  66  68  69  74  79  85  91  96  98  106  119                                                                                                                                                                                                              
Part65  2  3  4  13  16  17  24  31  35  36  37  39  41  49  58  62  64  65  71  73  74  87  88  91  106  117  124                                                                                                                                                                                                        
Part66  3  4  6  12  14  19  21  27  32  43  45  56  57  58  63  66  75  78  83  87  93  100  101  105  106  114  115  116  117  125  127                                                                                                                                                                                                
Part67  1  2  6  9  16  17  19  30  31  32  33  39  41  46  50  52  56  57  61  63  67  70  71  75  84  89  93  96  109  110  114  116  118  122  124                                                                                                                                                                                        
Part68  5  16  18  23  24  26  27  28  32  35  40  44  45  48  49  52  54  56  68  69  98  102  107  109  112  113  119  125  127                                                                                                                                                                                                    
Part69  4  11  16  27  31  32  33  42  43  52  54  62  69  72  75  80  81  83  85  89  90  106  120  122  126                                                                                                                                                                                                            
Part70  3  7  22  29  31  38  41  43  48  53  56  57  64  70  74  84  89  98  99  100  105  124                                                                                                                                                                                                                  
Part71  2  3  7  9  13  22  27  35  36  41  47  53  58  61  63  71  75  82  86  87  95  100  102  123  124  126                                                                                                                                                                                                          
Part72  2  8  9  19  25  33  37  45  53  60  68  72  77  78  79  87  94  114  118  120  121  124  125                                                                                                                                                                                                                
Part73  2  7  8  18  20  31  34  35  38  40  45  56  59  73  79  81  83  87  103  104  115  116  117  121  122  125  126  127                                                                                                                                                                                                      
Part74  17  22  23  24  30  31  36  43  45  47  55  65  67  68  70  74  77  83  88  94  96  111                                                                                                                                                                                                                  
Part75  1  13  17  20  22  25  29  30  32  35  40  41  50  51  56  66  67  68  73  75  76  82  91  92  101  108  109  127                                                                                                                                                                                                      
Part76  9  17  39  42  46  47  52  63  64  76  77  79  83  84  85  86  92  95  105  109  115  121  124  125  127                                                                                                                                                                                                            
Part77  3  5  6  23  27  28  33  36  49  58  68  71  77  86  88  90  92  96  101  107  109  118  119                                                                                                                                                                                                                
Part78  1  2  6  8  9  29  32  34  50  58  66  72  78  94  97  103  104  105  107  111  112  119  124  125                                                                                                                                                                                                              
Part79  1  20  24  32  35  44  49  50  67  79  81  86  88  90  96  97  99  100  105  116                                                                                                                                                                                                                      
Part80  5  11  20  22  29  30  44  49  52  65  68  75  80  81  82  84  89  97  98  104  109  112  118  122  124                                                                                                                                                                                                            
Part81  7  10  18  22  33  34  37  42  46  55  59  63  67  77  81  91  99  107  113  115  121  123                                                                                                                                                                                                                  
Part82  6  8  23  26  30  36  37  51  57  59  64  65  69  72  82  83  91  93  95  96  98  99  105  110  116  124                                                                                                                                                                                                          
Part83  3  5  6  8  13  18  19  21  25  29  31  41  47  49  55  61  70  77  82  83  84  91  95  101  102  105  106  108  109  112  116  117  124                                                                                                                                                                                            
Part84  5  9  10  11  15  19  20  22  23  25  33  34  38  56  58  65  66  74  75  84  85  86  91  92  103  110  114                                                                                                                                                                                                        
Part85  7  9  11  17  19  20  21  45  47  50  67  69  72  79  85  89  91  92  96  109  110  117  121  123                                                                                                                                                                                                              
Part86  7  10  16  26  28  37  55  59  60  70  74  75  86  90  91  99  115  126                                                                                                                                                                                                                          
Part87  1  15  17  32  33  44  47  50  63  64  83  87  91  99  108  112  122  124                                                                                                                                                                                                                          
Part88  3  9  12  13  16  17  21  26  30  33  34  58  59  62  68  71  76  81  87  88  92  101  103  105  121  126                                                                                                                                                                                                          
Part89  10  12  16  17  18  25  29  36  41  42  44  61  64  71  75  76  85  86  89  90  106  117  127                                                                                                                                                                                                                
Part90  8  27  30  31  39  46  48  49  66  67  72  74  90  102  109  113  115  117  120                                                                                                                                                                                                                        
Part91  2  9  11  53  54  56  61  63  64  84  89  91  108  119  122  126                                                                                                                                                                                                                              
Part92  3  4  8  14  22  31  39  42  43  46  55  65  79  87  92  95  104  105  107  116  121                                                                                                                                                                                                                    
Part93  1  5  6  9  10  13  16  23  38  41  46  50  59  71  76  91  93  97  98  102  107  108  109  115  116  117  119  121  124  125                                                                                                                                                                                                  
Part94  10  13  19  24  38  49  57  59  86  87  88  92  94  96  98  100  103  104  110  124                                                                                                                                                                                                                      
Part95  5  15  16  20  21  23  29  34  37  48  58  61  66  72  82  83  95  98  104  106  112  126  127                                                                                                                                                                                                                
Part96  1  2  6  15  18  20  21  23  24  33  36  38  45  48  56  63  65  67  81  84  94  96  98  102  110  113  116  117  123  124  126                                                                                                                                                                                                
Part97  1  4  11  12  21  33  37  48  51  58  60  63  75  83  84  97  106  111  112  114  122                                                                                                                                                                                                                    
Part98  1  3  11  12  13  25  31  35  38  40  44  56  62  67  68  77  82  84  97  98  103  104  107  112  113  115  121  123  127                                                                                                                                                                                                    
Part99  2  3  7  12  13  33  44  45  53  54  58  59  74  75  76  80  88  93  94  99  101  106  120  124                                                                                                                                                                                                              
Part100  3  4  8  14  16  21  24  38  40  47  48  63  67  71  74  78  83  85  92  93  100  108  117  119                                                                                                                                                                                                              
Part101  3  7  19  23  25  35  42  44  46  47  58  59  62  77  78  86  87  93  95  96  99  101  108  114  119  120  126                                                                                                                                                                                                        
Part102  1  2  11  14  15  17  18  21  33  34  36  46  51  59  64  69  74  78  80  88  90  94  102  105  109  110  115  116  124                                                                                                                                                                                                    
Part103  17  19  30  32  56  58  59  60  90  91  92  101  103  107  110  115  116                                                                                                                                                                                                                            
Part104  7  11  13  23  33  38  39  40  48  55  59  78  81  83  84  87  92  93  100  103  104  123  127                                                                                                                                                                                                                
Part105  9  13  17  18  19  22  38  46  47  49  52  58  60  62  64  67  74  75  79  87  89  94  105  107  113                                                                                                                                                                                                            
Part106  7  10  11  20  36  37  38  40  45  47  55  60  61  64  65  77  81  90  92  100  102  106  112  120  124  125                                                                                                                                                                                                          
Part107  3  4  6  13  16  21  26  36  43  46  51  56  59  64  67  70  71  75  78  82  90  94  97  107  113  116  120  127                                                                                                                                                                                                      
Part108  5  8  10  12  14  17  27  28  29  33  35  47  54  60  72  75  84  88  90  91  99  103  108  110  112  127                                                                                                                                                                                                          
Part109  7  13  20  26  27  30  34  37  51  52  57  58  63  64  67  68  73  76  89  108  109  116                                                                                                                                                                                                                  
Part110  8  10  19  20  27  42  43  45  47  51  60  65  72  80  84  89  97  110  111  120  123  126                                                                                                                                                                                                                  
Part111  1  6  14  19  22  24  28  36  42  44  52  55  62  66  74  82  87  90  93  94  103  111  113  115  122  126                                                                                                                                                                                                          
Part112  3  10  38  45  54  56  60  74  76  92  98  100  102  112  115  117  124                                                                                                                                                                                                                            
Part113  5  6  10  11  13  23  24  38  39  43  61  74  78  82  93  97  100  111  113  114  118  124  126                                                                                                                                                                                                                
Part114  7  10  11  22  25  30  31  35  37  38  43  44  59  60  62  69  70  75  79  81  83  94  95  98  100  101  107  114  122  126                                                                                                                                                                                                  
Part115  11  20  25  26  31  46  50  53  54  65  81  87  90  94  101  102  107  115  116                                                                                                                                                                                                                        
Part116  2  10  11  14  16  19  21  26  31  33  39  42  54  56  58  60  61  63  64  78  83  87  92  101  108  114  116  127                                                                                                                                                                                                      
Part117  2  11  13  22  33  37  42  44  46  51  52  56  62  75  82  89  92  98  103  104  110  114  115  117                                                                                                                                                                                                              
Part118  7  12  16  17  26  31  43  51  53  54  65  71  80  84  92  94  100  115  116  118  123  126  127                                                                                                                                                                                                                
Part119  2  20  23  26  32  38  46  48  53  57  72  77  80  82  87  100  102  108  110  112  113  119  127                                                                                                                                                                                                                
Part120  1  2  4  14  25  32  33  35  39  43  52  53  58  61  64  71  79  86  88  90  98  102  105  110  113  120  122  127                                                                                                                                                                                                      
Part121  1  8  25  30  33  36  45  48  55  59  60  66  69  75  94  101  104  119  121  125  126                                                                                                                                                                                                                    
Part122  15  32  40  47  66  67  70  94  100  105  115  122  125                                                                                                                                                                                                                                    
Part123  15  18  24  47  48  50  65  68  82  91  101  103  105  109  114  118  120  123  124                                                                                                                                                                                                                        
Part124  1  5  8  11  21  22  27  37  39  41  44  48  50  59  73  75  78  79  80  84  91  95  97  111  123  124                                                                                                                                                                                                          
Part125  3  9  14  16  18  20  42  51  54  59  60  62  64  73  79  81  89  97  100  105  106  121  124  125  127                                                                                                                                                                                                            
Part126  11  13  15  16  27  30  33  36  40  47  57  61  69  70  73  98  113  117  122  126  127                                                                                                                                                                                                                    
Part127  3  7  8  12  14  15  24  27  30  33  40  41  44  47  58  61  64  66  70  73  74  75  76  78  81  82  87  92  93  102  110  115  121  123  126  127                                                                                                                                                                                      
