GoF SOIL__N SOIL__LOG10_Alpha SOIL__ThetaSat SOIL__ThetaRes SOIL__LOG10_NormalHydrConductivity SCALAR__SoilRoughness SCALAR__LSAI SCALAR__CanopyFraction SCALAR__DecayCoeffCanopy SCALAR__RootDepth SCALAR__MinStomatalRes SCALAR__VegReflectVis SCALAR__VegReflNIR SCALAR__VegTransVis SCALAR__VegTransNIR SCALAR__CanDensSurface SCALAR__SoilAlbVisDry SCALAR__SoilAlbNIRDry SCALAR__SoilAlbVisWet SCALAR__SoilAlbNIRWet SCALAR__SoilEmissiv 
 5.5176829E+02   1.5425133E+00  -3.1867813E+00   6.5704418E-01   4.3112733E-02  -3.3208796E+00   2.9697373E+02   4.8238438E-01   2.4124237E-02   6.0952832E-01   9.4106933E+02   3.4619155E+01   1.4518500E-01   2.5327650E-01   1.1959404E-01   2.2601445E-01   3.7977669E+00   2.3266266E-01   9.0652359E-02   8.6528019E-02   1.6785852E-01   8.3168772E-01  
 5.5309111E+02   1.7738903E+00  -3.1867813E+00   6.5704418E-01   4.3112733E-02  -3.3208796E+00   2.9697373E+02   4.8238438E-01   2.4124237E-02   6.0952832E-01   9.4106933E+02   3.4619155E+01   1.4518500E-01   2.5327650E-01   1.1959404E-01   2.2601445E-01   3.7977669E+00   2.3266266E-01   9.0652359E-02   8.6528019E-02   1.6785852E-01   8.3168772E-01  
 5.6875741E+02   1.5425133E+00  -2.7087641E+00   6.5704418E-01   4.3112733E-02  -3.3208796E+00   2.9697373E+02   4.8238438E-01   2.4124237E-02   6.0952832E-01   9.4106933E+02   3.4619155E+01   1.4518500E-01   2.5327650E-01   1.1959404E-01   2.2601445E-01   3.7977669E+00   2.3266266E-01   9.0652359E-02   8.6528019E-02   1.6785852E-01   8.3168772E-01  
 5.4078604E+02   1.5425133E+00  -3.1867813E+00   5.5848756E-01   4.3112733E-02  -3.3208796E+00   2.9697373E+02   4.8238438E-01   2.4124237E-02   6.0952832E-01   9.4106933E+02   3.4619155E+01   1.4518500E-01   2.5327650E-01   1.1959404E-01   2.2601445E-01   3.7977669E+00   2.3266266E-01   9.0652359E-02   8.6528019E-02   1.6785852E-01   8.3168772E-01  
 5.5141429E+02   1.5425133E+00  -3.1867813E+00   6.5704418E-01   4.9579643E-02  -3.3208796E+00   2.9697373E+02   4.8238438E-01   2.4124237E-02   6.0952832E-01   9.4106933E+02   3.4619155E+01   1.4518500E-01   2.5327650E-01   1.1959404E-01   2.2601445E-01   3.7977669E+00   2.3266266E-01   9.0652359E-02   8.6528019E-02   1.6785852E-01   8.3168772E-01  
 5.4733814E+02   1.5425133E+00  -3.1867813E+00   6.5704418E-01   4.3112733E-02  -2.8227476E+00   2.9697373E+02   4.8238438E-01   2.4124237E-02   6.0952832E-01   9.4106933E+02   3.4619155E+01   1.4518500E-01   2.5327650E-01   1.1959404E-01   2.2601445E-01   3.7977669E+00   2.3266266E-01   9.0652359E-02   8.6528019E-02   1.6785852E-01   8.3168772E-01  
 5.4781582E+02   1.5425133E+00  -3.1867813E+00   6.5704418E-01   4.3112733E-02  -3.3208796E+00   3.4151978E+02   4.8238438E-01   2.4124237E-02   6.0952832E-01   9.4106933E+02   3.4619155E+01   1.4518500E-01   2.5327650E-01   1.1959404E-01   2.2601445E-01   3.7977669E+00   2.3266266E-01   9.0652359E-02   8.6528019E-02   1.6785852E-01   8.3168772E-01  
 5.5178992E+02   1.5425133E+00  -3.1867813E+00   6.5704418E-01   4.3112733E-02  -3.3208796E+00   2.9697373E+02   4.1002672E-01   2.4124237E-02   6.0952832E-01   9.4106933E+02   3.4619155E+01   1.4518500E-01   2.5327650E-01   1.1959404E-01   2.2601445E-01   3.7977669E+00   2.3266266E-01   9.0652359E-02   8.6528019E-02   1.6785852E-01   8.3168772E-01  
 5.5056507E+02   1.5425133E+00  -3.1867813E+00   6.5704418E-01   4.3112733E-02  -3.3208796E+00   2.9697373E+02   4.8238438E-01   2.0505602E-02   6.0952832E-01   9.4106933E+02   3.4619155E+01   1.4518500E-01   2.5327650E-01   1.1959404E-01   2.2601445E-01   3.7977669E+00   2.3266266E-01   9.0652359E-02   8.6528019E-02   1.6785852E-01   8.3168772E-01  
 5.5183975E+02   1.5425133E+00  -3.1867813E+00   6.5704418E-01   4.3112733E-02  -3.3208796E+00   2.9697373E+02   4.8238438E-01   2.4124237E-02   5.1809907E-01   9.4106933E+02   3.4619155E+01   1.4518500E-01   2.5327650E-01   1.1959404E-01   2.2601445E-01   3.7977669E+00   2.3266266E-01   9.0652359E-02   8.6528019E-02   1.6785852E-01   8.3168772E-01  
 5.5177705E+02   1.5425133E+00  -3.1867813E+00   6.5704418E-01   4.3112733E-02  -3.3208796E+00   2.9697373E+02   4.8238438E-01   2.4124237E-02   6.0952832E-01   7.9990893E+02   3.4619155E+01   1.4518500E-01   2.5327650E-01   1.1959404E-01   2.2601445E-01   3.7977669E+00   2.3266266E-01   9.0652359E-02   8.6528019E-02   1.6785852E-01   8.3168772E-01  
 5.5179933E+02   1.5425133E+00  -3.1867813E+00   6.5704418E-01   4.3112733E-02  -3.3208796E+00   2.9697373E+02   4.8238438E-01   2.4124237E-02   6.0952832E-01   9.4106933E+02   2.9426282E+01   1.4518500E-01   2.5327650E-01   1.1959404E-01   2.2601445E-01   3.7977669E+00   2.3266266E-01   9.0652359E-02   8.6528019E-02   1.6785852E-01   8.3168772E-01  
 5.5177895E+02   1.5425133E+00  -3.1867813E+00   6.5704418E-01   4.3112733E-02  -3.3208796E+00   2.9697373E+02   4.8238438E-01   2.4124237E-02   6.0952832E-01   9.4106933E+02   3.4619155E+01   1.2340725E-01   2.5327650E-01   1.1959404E-01   2.2601445E-01   3.7977669E+00   2.3266266E-01   9.0652359E-02   8.6528019E-02   1.6785852E-01   8.3168772E-01  
 5.5176904E+02   1.5425133E+00  -3.1867813E+00   6.5704418E-01   4.3112733E-02  -3.3208796E+00   2.9697373E+02   4.8238438E-01   2.4124237E-02   6.0952832E-01   9.4106933E+02   3.4619155E+01   1.4518500E-01   2.1528502E-01   1.1959404E-01   2.2601445E-01   3.7977669E+00   2.3266266E-01   9.0652359E-02   8.6528019E-02   1.6785852E-01   8.3168772E-01  
 5.5177908E+02   1.5425133E+00  -3.1867813E+00   6.5704418E-01   4.3112733E-02  -3.3208796E+00   2.9697373E+02   4.8238438E-01   2.4124237E-02   6.0952832E-01   9.4106933E+02   3.4619155E+01   1.4518500E-01   2.5327650E-01   1.0165493E-01   2.2601445E-01   3.7977669E+00   2.3266266E-01   9.0652359E-02   8.6528019E-02   1.6785852E-01   8.3168772E-01  
 5.5177204E+02   1.5425133E+00  -3.1867813E+00   6.5704418E-01   4.3112733E-02  -3.3208796E+00   2.9697373E+02   4.8238438E-01   2.4124237E-02   6.0952832E-01   9.4106933E+02   3.4619155E+01   1.4518500E-01   2.5327650E-01   1.1959404E-01   2.5991661E-01   3.7977669E+00   2.3266266E-01   9.0652359E-02   8.6528019E-02   1.6785852E-01   8.3168772E-01  
 5.5176454E+02   1.5425133E+00  -3.1867813E+00   6.5704418E-01   4.3112733E-02  -3.3208796E+00   2.9697373E+02   4.8238438E-01   2.4124237E-02   6.0952832E-01   9.4106933E+02   3.4619155E+01   1.4518500E-01   2.5327650E-01   1.1959404E-01   2.2601445E-01   4.3674319E+00   2.3266266E-01   9.0652359E-02   8.6528019E-02   1.6785852E-01   8.3168772E-01  
 5.5304013E+02   1.5425133E+00  -3.1867813E+00   6.5704418E-01   4.3112733E-02  -3.3208796E+00   2.9697373E+02   4.8238438E-01   2.4124237E-02   6.0952832E-01   9.4106933E+02   3.4619155E+01   1.4518500E-01   2.5327650E-01   1.1959404E-01   2.2601445E-01   3.7977669E+00   1.9776326E-01   9.0652359E-02   8.6528019E-02   1.6785852E-01   8.3168772E-01  
 5.5130307E+02   1.5425133E+00  -3.1867813E+00   6.5704418E-01   4.3112733E-02  -3.3208796E+00   2.9697373E+02   4.8238438E-01   2.4124237E-02   6.0952832E-01   9.4106933E+02   3.4619155E+01   1.4518500E-01   2.5327650E-01   1.1959404E-01   2.2601445E-01   3.7977669E+00   2.3266266E-01   1.0425021E-01   8.6528019E-02   1.6785852E-01   8.3168772E-01  
 5.5131715E+02   1.5425133E+00  -3.1867813E+00   6.5704418E-01   4.3112733E-02  -3.3208796E+00   2.9697373E+02   4.8238438E-01   2.4124237E-02   6.0952832E-01   9.4106933E+02   3.4619155E+01   1.4518500E-01   2.5327650E-01   1.1959404E-01   2.2601445E-01   3.7977669E+00   2.3266266E-01   9.0652359E-02   9.9507222E-02   1.6785852E-01   8.3168772E-01  
 5.5088788E+02   1.5425133E+00  -3.1867813E+00   6.5704418E-01   4.3112733E-02  -3.3208796E+00   2.9697373E+02   4.8238438E-01   2.4124237E-02   6.0952832E-01   9.4106933E+02   3.4619155E+01   1.4518500E-01   2.5327650E-01   1.1959404E-01   2.2601445E-01   3.7977669E+00   2.3266266E-01   9.0652359E-02   8.6528019E-02   1.9303729E-01   8.3168772E-01  
 5.5144559E+02   1.5425133E+00  -3.1867813E+00   6.5704418E-01   4.3112733E-02  -3.3208796E+00   2.9697373E+02   4.8238438E-01   2.4124237E-02   6.0952832E-01   9.4106933E+02   3.4619155E+01   1.4518500E-01   2.5327650E-01   1.1959404E-01   2.2601445E-01   3.7977669E+00   2.3266266E-01   9.0652359E-02   8.6528019E-02   1.6785852E-01   9.5644088E-01  
 5.7089320E+02   1.6265358E+00  -2.4313764E+00   6.7506102E-01   7.1611587E-02  -2.5405607E+00   4.0999228E+02   8.4023221E-01   1.4256406E-01   6.1027777E+01   5.0294133E+01   1.9265132E+01   7.6178511E-02   1.6980392E-01   7.1535878E-02   4.2662705E-01   6.7834243E+00   1.6886540E-01   3.1017430E-01   2.7086912E-01   3.8121114E-01   9.9333592E-01  
 5.8203253E+02   1.8705162E+00  -2.4313764E+00   6.7506102E-01   7.1611587E-02  -2.5405607E+00   4.0999228E+02   8.4023221E-01   1.4256406E-01   6.1027777E+01   5.0294133E+01   1.9265132E+01   7.6178511E-02   1.6980392E-01   7.1535878E-02   4.2662705E-01   6.7834243E+00   1.6886540E-01   3.1017430E-01   2.7086912E-01   3.8121114E-01   9.9333592E-01  
 5.6230090E+02   1.6265358E+00  -2.7960828E+00   6.7506102E-01   7.1611587E-02  -2.5405607E+00   4.0999228E+02   8.4023221E-01   1.4256406E-01   6.1027777E+01   5.0294133E+01   1.9265132E+01   7.6178511E-02   1.6980392E-01   7.1535878E-02   4.2662705E-01   6.7834243E+00   1.6886540E-01   3.1017430E-01   2.7086912E-01   3.8121114E-01   9.9333592E-01  
 5.8590230E+02   1.6265358E+00  -2.4313764E+00   5.7380187E-01   7.1611587E-02  -2.5405607E+00   4.0999228E+02   8.4023221E-01   1.4256406E-01   6.1027777E+01   5.0294133E+01   1.9265132E+01   7.6178511E-02   1.6980392E-01   7.1535878E-02   4.2662705E-01   6.7834243E+00   1.6886540E-01   3.1017430E-01   2.7086912E-01   3.8121114E-01   9.9333592E-01  
 5.7025099E+02   1.6265358E+00  -2.4313764E+00   6.7506102E-01   6.0869849E-02  -2.5405607E+00   4.0999228E+02   8.4023221E-01   1.4256406E-01   6.1027777E+01   5.0294133E+01   1.9265132E+01   7.6178511E-02   1.6980392E-01   7.1535878E-02   4.2662705E-01   6.7834243E+00   1.6886540E-01   3.1017430E-01   2.7086912E-01   3.8121114E-01   9.9333592E-01  
 5.7306510E+02   1.6265358E+00  -2.4313764E+00   6.7506102E-01   7.1611587E-02  -2.1594766E+00   4.0999228E+02   8.4023221E-01   1.4256406E-01   6.1027777E+01   5.0294133E+01   1.9265132E+01   7.6178511E-02   1.6980392E-01   7.1535878E-02   4.2662705E-01   6.7834243E+00   1.6886540E-01   3.1017430E-01   2.7086912E-01   3.8121114E-01   9.9333592E-01  
 5.7024783E+02   1.6265358E+00  -2.4313764E+00   6.7506102E-01   7.1611587E-02  -2.5405607E+00   4.7149112E+02   8.4023221E-01   1.4256406E-01   6.1027777E+01   5.0294133E+01   1.9265132E+01   7.6178511E-02   1.6980392E-01   7.1535878E-02   4.2662705E-01   6.7834243E+00   1.6886540E-01   3.1017430E-01   2.7086912E-01   3.8121114E-01   9.9333592E-01  
 5.7062714E+02   1.6265358E+00  -2.4313764E+00   6.7506102E-01   7.1611587E-02  -2.5405607E+00   4.0999228E+02   9.6626705E-01   1.4256406E-01   6.1027777E+01   5.0294133E+01   1.9265132E+01   7.6178511E-02   1.6980392E-01   7.1535878E-02   4.2662705E-01   6.7834243E+00   1.6886540E-01   3.1017430E-01   2.7086912E-01   3.8121114E-01   9.9333592E-01  
 5.7035968E+02   1.6265358E+00  -2.4313764E+00   6.7506102E-01   7.1611587E-02  -2.5405607E+00   4.0999228E+02   8.4023221E-01   1.2117945E-01   6.1027777E+01   5.0294133E+01   1.9265132E+01   7.6178511E-02   1.6980392E-01   7.1535878E-02   4.2662705E-01   6.7834243E+00   1.6886540E-01   3.1017430E-01   2.7086912E-01   3.8121114E-01   9.9333592E-01  
 5.7089320E+02   1.6265358E+00  -2.4313764E+00   6.7506102E-01   7.1611587E-02  -2.5405607E+00   4.0999228E+02   8.4023221E-01   1.4256406E-01   5.1873611E+01   5.0294133E+01   1.9265132E+01   7.6178511E-02   1.6980392E-01   7.1535878E-02   4.2662705E-01   6.7834243E+00   1.6886540E-01   3.1017430E-01   2.7086912E-01   3.8121114E-01   9.9333592E-01  
 5.7089919E+02   1.6265358E+00  -2.4313764E+00   6.7506102E-01   7.1611587E-02  -2.5405607E+00   4.0999228E+02   8.4023221E-01   1.4256406E-01   6.1027777E+01   4.2750013E+01   1.9265132E+01   7.6178511E-02   1.6980392E-01   7.1535878E-02   4.2662705E-01   6.7834243E+00   1.6886540E-01   3.1017430E-01   2.7086912E-01   3.8121114E-01   9.9333592E-01  
 5.7088010E+02   1.6265358E+00  -2.4313764E+00   6.7506102E-01   7.1611587E-02  -2.5405607E+00   4.0999228E+02   8.4023221E-01   1.4256406E-01   6.1027777E+01   5.0294133E+01   1.6375362E+01   7.6178511E-02   1.6980392E-01   7.1535878E-02   4.2662705E-01   6.7834243E+00   1.6886540E-01   3.1017430E-01   2.7086912E-01   3.8121114E-01   9.9333592E-01  
 5.7091553E+02   1.6265358E+00  -2.4313764E+00   6.7506102E-01   7.1611587E-02  -2.5405607E+00   4.0999228E+02   8.4023221E-01   1.4256406E-01   6.1027777E+01   5.0294133E+01   1.9265132E+01   8.7605287E-02   1.6980392E-01   7.1535878E-02   4.2662705E-01   6.7834243E+00   1.6886540E-01   3.1017430E-01   2.7086912E-01   3.8121114E-01   9.9333592E-01  
 5.7095946E+02   1.6265358E+00  -2.4313764E+00   6.7506102E-01   7.1611587E-02  -2.5405607E+00   4.0999228E+02   8.4023221E-01   1.4256406E-01   6.1027777E+01   5.0294133E+01   1.9265132E+01   7.6178511E-02   1.9527451E-01   7.1535878E-02   4.2662705E-01   6.7834243E+00   1.6886540E-01   3.1017430E-01   2.7086912E-01   3.8121114E-01   9.9333592E-01  
 5.7089970E+02   1.6265358E+00  -2.4313764E+00   6.7506102E-01   7.1611587E-02  -2.5405607E+00   4.0999228E+02   8.4023221E-01   1.4256406E-01   6.1027777E+01   5.0294133E+01   1.9265132E+01   7.6178511E-02   1.6980392E-01   8.2266260E-02   4.2662705E-01   6.7834243E+00   1.6886540E-01   3.1017430E-01   2.7086912E-01   3.8121114E-01   9.9333592E-01  
 5.7097599E+02   1.6265358E+00  -2.4313764E+00   6.7506102E-01   7.1611587E-02  -2.5405607E+00   4.0999228E+02   8.4023221E-01   1.4256406E-01   6.1027777E+01   5.0294133E+01   1.9265132E+01   7.6178511E-02   1.6980392E-01   7.1535878E-02   4.9062110E-01   6.7834243E+00   1.6886540E-01   3.1017430E-01   2.7086912E-01   3.8121114E-01   9.9333592E-01  
 5.7103164E+02   1.6265358E+00  -2.4313764E+00   6.7506102E-01   7.1611587E-02  -2.5405607E+00   4.0999228E+02   8.4023221E-01   1.4256406E-01   6.1027777E+01   5.0294133E+01   1.9265132E+01   7.6178511E-02   1.6980392E-01   7.1535878E-02   4.2662705E-01   5.7659107E+00   1.6886540E-01   3.1017430E-01   2.7086912E-01   3.8121114E-01   9.9333592E-01  
 5.6951823E+02   1.6265358E+00  -2.4313764E+00   6.7506102E-01   7.1611587E-02  -2.5405607E+00   4.0999228E+02   8.4023221E-01   1.4256406E-01   6.1027777E+01   5.0294133E+01   1.9265132E+01   7.6178511E-02   1.6980392E-01   7.1535878E-02   4.2662705E-01   6.7834243E+00   1.4353559E-01   3.1017430E-01   2.7086912E-01   3.8121114E-01   9.9333592E-01  
 5.6833732E+02   1.6265358E+00  -2.4313764E+00   6.7506102E-01   7.1611587E-02  -2.5405607E+00   4.0999228E+02   8.4023221E-01   1.4256406E-01   6.1027777E+01   5.0294133E+01   1.9265132E+01   7.6178511E-02   1.6980392E-01   7.1535878E-02   4.2662705E-01   6.7834243E+00   1.6886540E-01   2.6364815E-01   2.7086912E-01   3.8121114E-01   9.9333592E-01  
 5.7216633E+02   1.6265358E+00  -2.4313764E+00   6.7506102E-01   7.1611587E-02  -2.5405607E+00   4.0999228E+02   8.4023221E-01   1.4256406E-01   6.1027777E+01   5.0294133E+01   1.9265132E+01   7.6178511E-02   1.6980392E-01   7.1535878E-02   4.2662705E-01   6.7834243E+00   1.6886540E-01   3.1017430E-01   3.1149949E-01   3.8121114E-01   9.9333592E-01  
 5.7272609E+02   1.6265358E+00  -2.4313764E+00   6.7506102E-01   7.1611587E-02  -2.5405607E+00   4.0999228E+02   8.4023221E-01   1.4256406E-01   6.1027777E+01   5.0294133E+01   1.9265132E+01   7.6178511E-02   1.6980392E-01   7.1535878E-02   4.2662705E-01   6.7834243E+00   1.6886540E-01   3.1017430E-01   2.7086912E-01   4.3839281E-01   9.9333592E-01  
 5.6267070E+02   1.6265358E+00  -2.4313764E+00   6.7506102E-01   7.1611587E-02  -2.5405607E+00   4.0999228E+02   8.4023221E-01   1.4256406E-01   6.1027777E+01   5.0294133E+01   1.9265132E+01   7.6178511E-02   1.6980392E-01   7.1535878E-02   4.2662705E-01   6.7834243E+00   1.6886540E-01   3.1017430E-01   2.7086912E-01   3.8121114E-01   8.4433553E-01  
 6.3279538E+02   1.8334968E+00  -2.6778360E+00   5.7715479E-01   5.7122565E-02  -3.0252286E+00   2.5061268E+01   5.5415625E-01   5.7999740E-01   4.5090519E+01   1.8358931E+02   9.7525530E+01   1.6426687E-01   9.2438988E-02   1.1704549E-02   4.8058220E-01   4.4343573E+00   5.2108843E-02   3.4687142E-01   3.4731186E-01   3.9215874E-01   9.1698633E-01  
 6.3947949E+02   2.1085214E+00  -2.6778360E+00   5.7715479E-01   5.7122565E-02  -3.0252286E+00   2.5061268E+01   5.5415625E-01   5.7999740E-01   4.5090519E+01   1.8358931E+02   9.7525530E+01   1.6426687E-01   9.2438988E-02   1.1704549E-02   4.8058220E-01   4.4343573E+00   5.2108843E-02   3.4687142E-01   3.4731186E-01   3.9215874E-01   9.1698633E-01  
 6.2708528E+02   1.8334968E+00  -3.0795114E+00   5.7715479E-01   5.7122565E-02  -3.0252286E+00   2.5061268E+01   5.5415625E-01   5.7999740E-01   4.5090519E+01   1.8358931E+02   9.7525530E+01   1.6426687E-01   9.2438988E-02   1.1704549E-02   4.8058220E-01   4.4343573E+00   5.2108843E-02   3.4687142E-01   3.4731186E-01   3.9215874E-01   9.1698633E-01  
 6.5667075E+02   1.8334968E+00  -2.6778360E+00   4.9058157E-01   5.7122565E-02  -3.0252286E+00   2.5061268E+01   5.5415625E-01   5.7999740E-01   4.5090519E+01   1.8358931E+02   9.7525530E+01   1.6426687E-01   9.2438988E-02   1.1704549E-02   4.8058220E-01   4.4343573E+00   5.2108843E-02   3.4687142E-01   3.4731186E-01   3.9215874E-01   9.1698633E-01  
 6.3373002E+02   1.8334968E+00  -2.6778360E+00   5.7715479E-01   6.5690950E-02  -3.0252286E+00   2.5061268E+01   5.5415625E-01   5.7999740E-01   4.5090519E+01   1.8358931E+02   9.7525530E+01   1.6426687E-01   9.2438988E-02   1.1704549E-02   4.8058220E-01   4.4343573E+00   5.2108843E-02   3.4687142E-01   3.4731186E-01   3.9215874E-01   9.1698633E-01  
 6.3756189E+02   1.8334968E+00  -2.6778360E+00   5.7715479E-01   5.7122565E-02  -2.5714443E+00   2.5061268E+01   5.5415625E-01   5.7999740E-01   4.5090519E+01   1.8358931E+02   9.7525530E+01   1.6426687E-01   9.2438988E-02   1.1704549E-02   4.8058220E-01   4.4343573E+00   5.2108843E-02   3.4687142E-01   3.4731186E-01   3.9215874E-01   9.1698633E-01  
 6.3249626E+02   1.8334968E+00  -2.6778360E+00   5.7715479E-01   5.7122565E-02  -3.0252286E+00   2.1302078E+01   5.5415625E-01   5.7999740E-01   4.5090519E+01   1.8358931E+02   9.7525530E+01   1.6426687E-01   9.2438988E-02   1.1704549E-02   4.8058220E-01   4.4343573E+00   5.2108843E-02   3.4687142E-01   3.4731186E-01   3.9215874E-01   9.1698633E-01  
 6.3339859E+02   1.8334968E+00  -2.6778360E+00   5.7715479E-01   5.7122565E-02  -3.0252286E+00   2.5061268E+01   4.7103281E-01   5.7999740E-01   4.5090519E+01   1.8358931E+02   9.7525530E+01   1.6426687E-01   9.2438988E-02   1.1704549E-02   4.8058220E-01   4.4343573E+00   5.2108843E-02   3.4687142E-01   3.4731186E-01   3.9215874E-01   9.1698633E-01  
 6.1777448E+02   1.8334968E+00  -2.6778360E+00   5.7715479E-01   5.7122565E-02  -3.0252286E+00   2.5061268E+01   5.5415625E-01   4.9299779E-01   4.5090519E+01   1.8358931E+02   9.7525530E+01   1.6426687E-01   9.2438988E-02   1.1704549E-02   4.8058220E-01   4.4343573E+00   5.2108843E-02   3.4687142E-01   3.4731186E-01   3.9215874E-01   9.1698633E-01  
 6.3279550E+02   1.8334968E+00  -2.6778360E+00   5.7715479E-01   5.7122565E-02  -3.0252286E+00   2.5061268E+01   5.5415625E-01   5.7999740E-01   3.8326941E+01   1.8358931E+02   9.7525530E+01   1.6426687E-01   9.2438988E-02   1.1704549E-02   4.8058220E-01   4.4343573E+00   5.2108843E-02   3.4687142E-01   3.4731186E-01   3.9215874E-01   9.1698633E-01  
 6.3281328E+02   1.8334968E+00  -2.6778360E+00   5.7715479E-01   5.7122565E-02  -3.0252286E+00   2.5061268E+01   5.5415625E-01   5.7999740E-01   4.5090519E+01   1.5605091E+02   9.7525530E+01   1.6426687E-01   9.2438988E-02   1.1704549E-02   4.8058220E-01   4.4343573E+00   5.2108843E-02   3.4687142E-01   3.4731186E-01   3.9215874E-01   9.1698633E-01  
 6.3262144E+02   1.8334968E+00  -2.6778360E+00   5.7715479E-01   5.7122565E-02  -3.0252286E+00   2.5061268E+01   5.5415625E-01   5.7999740E-01   4.5090519E+01   1.8358931E+02   8.2896700E+01   1.6426687E-01   9.2438988E-02   1.1704549E-02   4.8058220E-01   4.4343573E+00   5.2108843E-02   3.4687142E-01   3.4731186E-01   3.9215874E-01   9.1698633E-01  
 6.3278462E+02   1.8334968E+00  -2.6778360E+00   5.7715479E-01   5.7122565E-02  -3.0252286E+00   2.5061268E+01   5.5415625E-01   5.7999740E-01   4.5090519E+01   1.8358931E+02   9.7525530E+01   1.3962684E-01   9.2438988E-02   1.1704549E-02   4.8058220E-01   4.4343573E+00   5.2108843E-02   3.4687142E-01   3.4731186E-01   3.9215874E-01   9.1698633E-01  
 6.3272260E+02   1.8334968E+00  -2.6778360E+00   5.7715479E-01   5.7122565E-02  -3.0252286E+00   2.5061268E+01   5.5415625E-01   5.7999740E-01   4.5090519E+01   1.8358931E+02   9.7525530E+01   1.6426687E-01   7.8573140E-02   1.1704549E-02   4.8058220E-01   4.4343573E+00   5.2108843E-02   3.4687142E-01   3.4731186E-01   3.9215874E-01   9.1698633E-01  
 6.3279431E+02   1.8334968E+00  -2.6778360E+00   5.7715479E-01   5.7122565E-02  -3.0252286E+00   2.5061268E+01   5.5415625E-01   5.7999740E-01   4.5090519E+01   1.8358931E+02   9.7525530E+01   1.6426687E-01   9.2438988E-02   1.3460231E-02   4.8058220E-01   4.4343573E+00   5.2108843E-02   3.4687142E-01   3.4731186E-01   3.9215874E-01   9.1698633E-01  
 6.3260781E+02   1.8334968E+00  -2.6778360E+00   5.7715479E-01   5.7122565E-02  -3.0252286E+00   2.5061268E+01   5.5415625E-01   5.7999740E-01   4.5090519E+01   1.8358931E+02   9.7525530E+01   1.6426687E-01   9.2438988E-02   1.1704549E-02   4.0849487E-01   4.4343573E+00   5.2108843E-02   3.4687142E-01   3.4731186E-01   3.9215874E-01   9.1698633E-01  
 6.3280914E+02   1.8334968E+00  -2.6778360E+00   5.7715479E-01   5.7122565E-02  -3.0252286E+00   2.5061268E+01   5.5415625E-01   5.7999740E-01   4.5090519E+01   1.8358931E+02   9.7525530E+01   1.6426687E-01   9.2438988E-02   1.1704549E-02   4.8058220E-01   3.7692037E+00   5.2108843E-02   3.4687142E-01   3.4731186E-01   3.9215874E-01   9.1698633E-01  
 6.3217351E+02   1.8334968E+00  -2.6778360E+00   5.7715479E-01   5.7122565E-02  -3.0252286E+00   2.5061268E+01   5.5415625E-01   5.7999740E-01   4.5090519E+01   1.8358931E+02   9.7525530E+01   1.6426687E-01   9.2438988E-02   1.1704549E-02   4.8058220E-01   4.4343573E+00   4.4292516E-02   3.4687142E-01   3.4731186E-01   3.9215874E-01   9.1698633E-01  
 6.2834443E+02   1.8334968E+00  -2.6778360E+00   5.7715479E-01   5.7122565E-02  -3.0252286E+00   2.5061268E+01   5.5415625E-01   5.7999740E-01   4.5090519E+01   1.8358931E+02   9.7525530E+01   1.6426687E-01   9.2438988E-02   1.1704549E-02   4.8058220E-01   4.4343573E+00   5.2108843E-02   2.9484070E-01   3.4731186E-01   3.9215874E-01   9.1698633E-01  
 6.2955807E+02   1.8334968E+00  -2.6778360E+00   5.7715479E-01   5.7122565E-02  -3.0252286E+00   2.5061268E+01   5.5415625E-01   5.7999740E-01   4.5090519E+01   1.8358931E+02   9.7525530E+01   1.6426687E-01   9.2438988E-02   1.1704549E-02   4.8058220E-01   4.4343573E+00   5.2108843E-02   3.4687142E-01   2.9521508E-01   3.9215874E-01   9.1698633E-01  
 6.3684214E+02   1.8334968E+00  -2.6778360E+00   5.7715479E-01   5.7122565E-02  -3.0252286E+00   2.5061268E+01   5.5415625E-01   5.7999740E-01   4.5090519E+01   1.8358931E+02   9.7525530E+01   1.6426687E-01   9.2438988E-02   1.1704549E-02   4.8058220E-01   4.4343573E+00   5.2108843E-02   3.4687142E-01   3.4731186E-01   4.5098255E-01   9.1698633E-01  
 6.1887986E+02   1.8334968E+00  -2.6778360E+00   5.7715479E-01   5.7122565E-02  -3.0252286E+00   2.5061268E+01   5.5415625E-01   5.7999740E-01   4.5090519E+01   1.8358931E+02   9.7525530E+01   1.6426687E-01   9.2438988E-02   1.1704549E-02   4.8058220E-01   4.4343573E+00   5.2108843E-02   3.4687142E-01   3.4731186E-01   3.9215874E-01   7.7943838E-01  
 8.2408993E+02   1.9496786E+00  -3.0123343E+00   4.6683873E-01   6.5208835E-02  -1.6371223E+00   8.0870692E+01   3.0067079E-01   9.6769786E-01   2.9545911E+01   4.0856679E+02   8.6787454E+01   1.3548721E-01   1.8944814E-01   1.0734579E-01   9.6883857E-02   5.3192972E+00   1.8961285E-01   1.1262405E-01   2.1875652E-01   3.2519615E-01   8.5696757E-01  
 8.2641764E+02   2.2421303E+00  -3.0123343E+00   4.6683873E-01   6.5208835E-02  -1.6371223E+00   8.0870692E+01   3.0067079E-01   9.6769786E-01   2.9545911E+01   4.0856679E+02   8.6787454E+01   1.3548721E-01   1.8944814E-01   1.0734579E-01   9.6883857E-02   5.3192972E+00   1.8961285E-01   1.1262405E-01   2.1875652E-01   3.2519615E-01   8.5696757E-01  
 8.2930395E+02   1.9496786E+00  -3.4641845E+00   4.6683873E-01   6.5208835E-02  -1.6371223E+00   8.0870692E+01   3.0067079E-01   9.6769786E-01   2.9545911E+01   4.0856679E+02   8.6787454E+01   1.3548721E-01   1.8944814E-01   1.0734579E-01   9.6883857E-02   5.3192972E+00   1.8961285E-01   1.1262405E-01   2.1875652E-01   3.2519615E-01   8.5696757E-01  
 8.1694273E+02   1.9496786E+00  -3.0123343E+00   5.3686453E-01   6.5208835E-02  -1.6371223E+00   8.0870692E+01   3.0067079E-01   9.6769786E-01   2.9545911E+01   4.0856679E+02   8.6787454E+01   1.3548721E-01   1.8944814E-01   1.0734579E-01   9.6883857E-02   5.3192972E+00   1.8961285E-01   1.1262405E-01   2.1875652E-01   3.2519615E-01   8.5696757E-01  
 8.2353883E+02   1.9496786E+00  -3.0123343E+00   4.6683873E-01   5.5427510E-02  -1.6371223E+00   8.0870692E+01   3.0067079E-01   9.6769786E-01   2.9545911E+01   4.0856679E+02   8.6787454E+01   1.3548721E-01   1.8944814E-01   1.0734579E-01   9.6883857E-02   5.3192972E+00   1.8961285E-01   1.1262405E-01   2.1875652E-01   3.2519615E-01   8.5696757E-01  
 8.2628790E+02   1.9496786E+00  -3.0123343E+00   4.6683873E-01   6.5208835E-02  -1.3915539E+00   8.0870692E+01   3.0067079E-01   9.6769786E-01   2.9545911E+01   4.0856679E+02   8.6787454E+01   1.3548721E-01   1.8944814E-01   1.0734579E-01   9.6883857E-02   5.3192972E+00   1.8961285E-01   1.1262405E-01   2.1875652E-01   3.2519615E-01   8.5696757E-01  
 8.2389118E+02   1.9496786E+00  -3.0123343E+00   4.6683873E-01   6.5208835E-02  -1.6371223E+00   9.3001296E+01   3.0067079E-01   9.6769786E-01   2.9545911E+01   4.0856679E+02   8.6787454E+01   1.3548721E-01   1.8944814E-01   1.0734579E-01   9.6883857E-02   5.3192972E+00   1.8961285E-01   1.1262405E-01   2.1875652E-01   3.2519615E-01   8.5696757E-01  
 8.2318968E+02   1.9496786E+00  -3.0123343E+00   4.6683873E-01   6.5208835E-02  -1.6371223E+00   8.0870692E+01   3.4577140E-01   9.6769786E-01   2.9545911E+01   4.0856679E+02   8.6787454E+01   1.3548721E-01   1.8944814E-01   1.0734579E-01   9.6883857E-02   5.3192972E+00   1.8961285E-01   1.1262405E-01   2.1875652E-01   3.2519615E-01   8.5696757E-01  
 7.3447052E+02   1.9496786E+00  -3.0123343E+00   4.6683873E-01   6.5208835E-02  -1.6371223E+00   8.0870692E+01   3.0067079E-01   8.2254318E-01   2.9545911E+01   4.0856679E+02   8.6787454E+01   1.3548721E-01   1.8944814E-01   1.0734579E-01   9.6883857E-02   5.3192972E+00   1.8961285E-01   1.1262405E-01   2.1875652E-01   3.2519615E-01   8.5696757E-01  
 8.2424297E+02   1.9496786E+00  -3.0123343E+00   4.6683873E-01   6.5208835E-02  -1.6371223E+00   8.0870692E+01   3.0067079E-01   9.6769786E-01   3.3977797E+01   4.0856679E+02   8.6787454E+01   1.3548721E-01   1.8944814E-01   1.0734579E-01   9.6883857E-02   5.3192972E+00   1.8961285E-01   1.1262405E-01   2.1875652E-01   3.2519615E-01   8.5696757E-01  
 8.2410085E+02   1.9496786E+00  -3.0123343E+00   4.6683873E-01   6.5208835E-02  -1.6371223E+00   8.0870692E+01   3.0067079E-01   9.6769786E-01   2.9545911E+01   3.4728177E+02   8.6787454E+01   1.3548721E-01   1.8944814E-01   1.0734579E-01   9.6883857E-02   5.3192972E+00   1.8961285E-01   1.1262405E-01   2.1875652E-01   3.2519615E-01   8.5696757E-01  
 8.2393351E+02   1.9496786E+00  -3.0123343E+00   4.6683873E-01   6.5208835E-02  -1.6371223E+00   8.0870692E+01   3.0067079E-01   9.6769786E-01   2.9545911E+01   4.0856679E+02   7.3769336E+01   1.3548721E-01   1.8944814E-01   1.0734579E-01   9.6883857E-02   5.3192972E+00   1.8961285E-01   1.1262405E-01   2.1875652E-01   3.2519615E-01   8.5696757E-01  
 8.2404645E+02   1.9496786E+00  -3.0123343E+00   4.6683873E-01   6.5208835E-02  -1.6371223E+00   8.0870692E+01   3.0067079E-01   9.6769786E-01   2.9545911E+01   4.0856679E+02   8.6787454E+01   1.5581029E-01   1.8944814E-01   1.0734579E-01   9.6883857E-02   5.3192972E+00   1.8961285E-01   1.1262405E-01   2.1875652E-01   3.2519615E-01   8.5696757E-01  
 8.2414145E+02   1.9496786E+00  -3.0123343E+00   4.6683873E-01   6.5208835E-02  -1.6371223E+00   8.0870692E+01   3.0067079E-01   9.6769786E-01   2.9545911E+01   4.0856679E+02   8.6787454E+01   1.3548721E-01   1.6103092E-01   1.0734579E-01   9.6883857E-02   5.3192972E+00   1.8961285E-01   1.1262405E-01   2.1875652E-01   3.2519615E-01   8.5696757E-01  
 8.2413948E+02   1.9496786E+00  -3.0123343E+00   4.6683873E-01   6.5208835E-02  -1.6371223E+00   8.0870692E+01   3.0067079E-01   9.6769786E-01   2.9545911E+01   4.0856679E+02   8.6787454E+01   1.3548721E-01   1.8944814E-01   9.1243921E-02   9.6883857E-02   5.3192972E+00   1.8961285E-01   1.1262405E-01   2.1875652E-01   3.2519615E-01   8.5696757E-01  
 8.2413929E+02   1.9496786E+00  -3.0123343E+00   4.6683873E-01   6.5208835E-02  -1.6371223E+00   8.0870692E+01   3.0067079E-01   9.6769786E-01   2.9545911E+01   4.0856679E+02   8.6787454E+01   1.3548721E-01   1.8944814E-01   1.0734579E-01   8.2351278E-02   5.3192972E+00   1.8961285E-01   1.1262405E-01   2.1875652E-01   3.2519615E-01   8.5696757E-01  
 8.2414372E+02   1.9496786E+00  -3.0123343E+00   4.6683873E-01   6.5208835E-02  -1.6371223E+00   8.0870692E+01   3.0067079E-01   9.6769786E-01   2.9545911E+01   4.0856679E+02   8.6787454E+01   1.3548721E-01   1.8944814E-01   1.0734579E-01   9.6883857E-02   6.1171918E+00   1.8961285E-01   1.1262405E-01   2.1875652E-01   3.2519615E-01   8.5696757E-01  
 8.2483850E+02   1.9496786E+00  -3.0123343E+00   4.6683873E-01   6.5208835E-02  -1.6371223E+00   8.0870692E+01   3.0067079E-01   9.6769786E-01   2.9545911E+01   4.0856679E+02   8.6787454E+01   1.3548721E-01   1.8944814E-01   1.0734579E-01   9.6883857E-02   5.3192972E+00   2.1805478E-01   1.1262405E-01   2.1875652E-01   3.2519615E-01   8.5696757E-01  
 8.2364610E+02   1.9496786E+00  -3.0123343E+00   4.6683873E-01   6.5208835E-02  -1.6371223E+00   8.0870692E+01   3.0067079E-01   9.6769786E-01   2.9545911E+01   4.0856679E+02   8.6787454E+01   1.3548721E-01   1.8944814E-01   1.0734579E-01   9.6883857E-02   5.3192972E+00   1.8961285E-01   9.5730441E-02   2.1875652E-01   3.2519615E-01   8.5696757E-01  
 8.2442055E+02   1.9496786E+00  -3.0123343E+00   4.6683873E-01   6.5208835E-02  -1.6371223E+00   8.0870692E+01   3.0067079E-01   9.6769786E-01   2.9545911E+01   4.0856679E+02   8.6787454E+01   1.3548721E-01   1.8944814E-01   1.0734579E-01   9.6883857E-02   5.3192972E+00   1.8961285E-01   1.1262405E-01   2.5157000E-01   3.2519615E-01   8.5696757E-01  
 8.2362927E+02   1.9496786E+00  -3.0123343E+00   4.6683873E-01   6.5208835E-02  -1.6371223E+00   8.0870692E+01   3.0067079E-01   9.6769786E-01   2.9545911E+01   4.0856679E+02   8.6787454E+01   1.3548721E-01   1.8944814E-01   1.0734579E-01   9.6883857E-02   5.3192972E+00   1.8961285E-01   1.1262405E-01   2.1875652E-01   2.7641673E-01   8.5696757E-01  
 8.2866012E+02   1.9496786E+00  -3.0123343E+00   4.6683873E-01   6.5208835E-02  -1.6371223E+00   8.0870692E+01   3.0067079E-01   9.6769786E-01   2.9545911E+01   4.0856679E+02   8.6787454E+01   1.3548721E-01   1.8944814E-01   1.0734579E-01   9.6883857E-02   5.3192972E+00   1.8961285E-01   1.1262405E-01   2.1875652E-01   3.2519615E-01   9.8551271E-01  
 5.9131303E+02   1.7246464E+00  -2.7554101E+00   6.1739899E-01   4.5225956E-02  -1.2467883E+00   4.8419450E+02   6.6572770E-01   3.4451007E-01   5.2345776E+01   7.9158569E+02   7.4911851E+01   1.8688821E-01   2.9037473E-01   1.3459785E-01   1.8488135E-01   1.9461284E+00   2.4810728E-01   1.6598406E-01   3.6160238E-01   2.4531325E-01   9.3000356E-01  
 5.7136424E+02   1.4659495E+00  -2.7554101E+00   6.1739899E-01   4.5225956E-02  -1.2467883E+00   4.8419450E+02   6.6572770E-01   3.4451007E-01   5.2345776E+01   7.9158569E+02   7.4911851E+01   1.8688821E-01   2.9037473E-01   1.3459785E-01   1.8488135E-01   1.9461284E+00   2.4810728E-01   1.6598406E-01   3.6160238E-01   2.4531325E-01   9.3000356E-01  
 5.9923615E+02   1.7246464E+00  -2.3420986E+00   6.1739899E-01   4.5225956E-02  -1.2467883E+00   4.8419450E+02   6.6572770E-01   3.4451007E-01   5.2345776E+01   7.9158569E+02   7.4911851E+01   1.8688821E-01   2.9037473E-01   1.3459785E-01   1.8488135E-01   1.9461284E+00   2.4810728E-01   1.6598406E-01   3.6160238E-01   2.4531325E-01   9.3000356E-01  
 6.1504110E+02   1.7246464E+00  -2.7554101E+00   5.2478914E-01   4.5225956E-02  -1.2467883E+00   4.8419450E+02   6.6572770E-01   3.4451007E-01   5.2345776E+01   7.9158569E+02   7.4911851E+01   1.8688821E-01   2.9037473E-01   1.3459785E-01   1.8488135E-01   1.9461284E+00   2.4810728E-01   1.6598406E-01   3.6160238E-01   2.4531325E-01   9.3000356E-01  
 5.9213519E+02   1.7246464E+00  -2.7554101E+00   6.1739899E-01   5.2009849E-02  -1.2467883E+00   4.8419450E+02   6.6572770E-01   3.4451007E-01   5.2345776E+01   7.9158569E+02   7.4911851E+01   1.8688821E-01   2.9037473E-01   1.3459785E-01   1.8488135E-01   1.9461284E+00   2.4810728E-01   1.6598406E-01   3.6160238E-01   2.4531325E-01   9.3000356E-01  
 5.8783112E+02   1.7246464E+00  -2.7554101E+00   6.1739899E-01   4.5225956E-02  -1.4338066E+00   4.8419450E+02   6.6572770E-01   3.4451007E-01   5.2345776E+01   7.9158569E+02   7.4911851E+01   1.8688821E-01   2.9037473E-01   1.3459785E-01   1.8488135E-01   1.9461284E+00   2.4810728E-01   1.6598406E-01   3.6160238E-01   2.4531325E-01   9.3000356E-01  
 5.8993537E+02   1.7246464E+00  -2.7554101E+00   6.1739899E-01   4.5225956E-02  -1.2467883E+00   5.5682367E+02   6.6572770E-01   3.4451007E-01   5.2345776E+01   7.9158569E+02   7.4911851E+01   1.8688821E-01   2.9037473E-01   1.3459785E-01   1.8488135E-01   1.9461284E+00   2.4810728E-01   1.6598406E-01   3.6160238E-01   2.4531325E-01   9.3000356E-01  
 5.9128792E+02   1.7246464E+00  -2.7554101E+00   6.1739899E-01   4.5225956E-02  -1.2467883E+00   4.8419450E+02   7.6558685E-01   3.4451007E-01   5.2345776E+01   7.9158569E+02   7.4911851E+01   1.8688821E-01   2.9037473E-01   1.3459785E-01   1.8488135E-01   1.9461284E+00   2.4810728E-01   1.6598406E-01   3.6160238E-01   2.4531325E-01   9.3000356E-01  
 5.9637769E+02   1.7246464E+00  -2.7554101E+00   6.1739899E-01   4.5225956E-02  -1.2467883E+00   4.8419450E+02   6.6572770E-01   3.9618658E-01   5.2345776E+01   7.9158569E+02   7.4911851E+01   1.8688821E-01   2.9037473E-01   1.3459785E-01   1.8488135E-01   1.9461284E+00   2.4810728E-01   1.6598406E-01   3.6160238E-01   2.4531325E-01   9.3000356E-01  
 5.9131303E+02   1.7246464E+00  -2.7554101E+00   6.1739899E-01   4.5225956E-02  -1.2467883E+00   4.8419450E+02   6.6572770E-01   3.4451007E-01   4.4493909E+01   7.9158569E+02   7.4911851E+01   1.8688821E-01   2.9037473E-01   1.3459785E-01   1.8488135E-01   1.9461284E+00   2.4810728E-01   1.6598406E-01   3.6160238E-01   2.4531325E-01   9.3000356E-01  
 5.9132501E+02   1.7246464E+00  -2.7554101E+00   6.1739899E-01   4.5225956E-02  -1.2467883E+00   4.8419450E+02   6.6572770E-01   3.4451007E-01   5.2345776E+01   6.7284784E+02   7.4911851E+01   1.8688821E-01   2.9037473E-01   1.3459785E-01   1.8488135E-01   1.9461284E+00   2.4810728E-01   1.6598406E-01   3.6160238E-01   2.4531325E-01   9.3000356E-01  
 5.9121502E+02   1.7246464E+00  -2.7554101E+00   6.1739899E-01   4.5225956E-02  -1.2467883E+00   4.8419450E+02   6.6572770E-01   3.4451007E-01   5.2345776E+01   7.9158569E+02   6.3675073E+01   1.8688821E-01   2.9037473E-01   1.3459785E-01   1.8488135E-01   1.9461284E+00   2.4810728E-01   1.6598406E-01   3.6160238E-01   2.4531325E-01   9.3000356E-01  
 5.9127529E+02   1.7246464E+00  -2.7554101E+00   6.1739899E-01   4.5225956E-02  -1.2467883E+00   4.8419450E+02   6.6572770E-01   3.4451007E-01   5.2345776E+01   7.9158569E+02   7.4911851E+01   1.5885498E-01   2.9037473E-01   1.3459785E-01   1.8488135E-01   1.9461284E+00   2.4810728E-01   1.6598406E-01   3.6160238E-01   2.4531325E-01   9.3000356E-01  
 5.9132219E+02   1.7246464E+00  -2.7554101E+00   6.1739899E-01   4.5225956E-02  -1.2467883E+00   4.8419450E+02   6.6572770E-01   3.4451007E-01   5.2345776E+01   7.9158569E+02   7.4911851E+01   1.8688821E-01   2.4681852E-01   1.3459785E-01   1.8488135E-01   1.9461284E+00   2.4810728E-01   1.6598406E-01   3.6160238E-01   2.4531325E-01   9.3000356E-01  
 5.9132886E+02   1.7246464E+00  -2.7554101E+00   6.1739899E-01   4.5225956E-02  -1.2467883E+00   4.8419450E+02   6.6572770E-01   3.4451007E-01   5.2345776E+01   7.9158569E+02   7.4911851E+01   1.8688821E-01   2.9037473E-01   1.1440817E-01   1.8488135E-01   1.9461284E+00   2.4810728E-01   1.6598406E-01   3.6160238E-01   2.4531325E-01   9.3000356E-01  
 5.9133216E+02   1.7246464E+00  -2.7554101E+00   6.1739899E-01   4.5225956E-02  -1.2467883E+00   4.8419450E+02   6.6572770E-01   3.4451007E-01   5.2345776E+01   7.9158569E+02   7.4911851E+01   1.8688821E-01   2.9037473E-01   1.3459785E-01   1.5714915E-01   1.9461284E+00   2.4810728E-01   1.6598406E-01   3.6160238E-01   2.4531325E-01   9.3000356E-01  
 5.9128756E+02   1.7246464E+00  -2.7554101E+00   6.1739899E-01   4.5225956E-02  -1.2467883E+00   4.8419450E+02   6.6572770E-01   3.4451007E-01   5.2345776E+01   7.9158569E+02   7.4911851E+01   1.8688821E-01   2.9037473E-01   1.3459785E-01   1.8488135E-01   2.2380477E+00   2.4810728E-01   1.6598406E-01   3.6160238E-01   2.4531325E-01   9.3000356E-01  
 5.8797429E+02   1.7246464E+00  -2.7554101E+00   6.1739899E-01   4.5225956E-02  -1.2467883E+00   4.8419450E+02   6.6572770E-01   3.4451007E-01   5.2345776E+01   7.9158569E+02   7.4911851E+01   1.8688821E-01   2.9037473E-01   1.3459785E-01   1.8488135E-01   1.9461284E+00   2.1089119E-01   1.6598406E-01   3.6160238E-01   2.4531325E-01   9.3000356E-01  
 5.8904956E+02   1.7246464E+00  -2.7554101E+00   6.1739899E-01   4.5225956E-02  -1.2467883E+00   4.8419450E+02   6.6572770E-01   3.4451007E-01   5.2345776E+01   7.9158569E+02   7.4911851E+01   1.8688821E-01   2.9037473E-01   1.3459785E-01   1.8488135E-01   1.9461284E+00   2.4810728E-01   1.4108645E-01   3.6160238E-01   2.4531325E-01   9.3000356E-01  
 5.9300846E+02   1.7246464E+00  -2.7554101E+00   6.1739899E-01   4.5225956E-02  -1.2467883E+00   4.8419450E+02   6.6572770E-01   3.4451007E-01   5.2345776E+01   7.9158569E+02   7.4911851E+01   1.8688821E-01   2.9037473E-01   1.3459785E-01   1.8488135E-01   1.9461284E+00   2.4810728E-01   1.6598406E-01   4.1584273E-01   2.4531325E-01   9.3000356E-01  
 5.9247082E+02   1.7246464E+00  -2.7554101E+00   6.1739899E-01   4.5225956E-02  -1.2467883E+00   4.8419450E+02   6.6572770E-01   3.4451007E-01   5.2345776E+01   7.9158569E+02   7.4911851E+01   1.8688821E-01   2.9037473E-01   1.3459785E-01   1.8488135E-01   1.9461284E+00   2.4810728E-01   1.6598406E-01   3.6160238E-01   2.8211024E-01   9.3000356E-01  
 5.7945163E+02   1.7246464E+00  -2.7554101E+00   6.1739899E-01   4.5225956E-02  -1.2467883E+00   4.8419450E+02   6.6572770E-01   3.4451007E-01   5.2345776E+01   7.9158569E+02   7.4911851E+01   1.8688821E-01   2.9037473E-01   1.3459785E-01   1.8488135E-01   1.9461284E+00   2.4810728E-01   1.6598406E-01   3.6160238E-01   2.4531325E-01   7.9050302E-01  
 5.9462000E+02   1.3166359E+00  -2.2464152E+00   4.8990158E-01   5.3643659E-02  -9.3416090E-01   3.2357061E+02   2.0897768E-01   3.9937067E-01   1.2102079E+01   6.4118772E+02   2.2381054E+01   1.0282171E-01   3.6466350E-01   5.2341457E-02   5.4275525E-01   2.1420303E+00   1.0574856E-01   2.0602824E-01   1.7572297E-01   4.9894347E-01   9.6029166E-01  
 6.1193679E+02   1.5141313E+00  -2.2464152E+00   4.8990158E-01   5.3643659E-02  -9.3416090E-01   3.2357061E+02   2.0897768E-01   3.9937067E-01   1.2102079E+01   6.4118772E+02   2.2381054E+01   1.0282171E-01   3.6466350E-01   5.2341457E-02   5.4275525E-01   2.1420303E+00   1.0574856E-01   2.0602824E-01   1.7572297E-01   4.9894347E-01   9.6029166E-01  
 5.9874081E+02   1.3166359E+00  -1.9094529E+00   4.8990158E-01   5.3643659E-02  -9.3416090E-01   3.2357061E+02   2.0897768E-01   3.9937067E-01   1.2102079E+01   6.4118772E+02   2.2381054E+01   1.0282171E-01   3.6466350E-01   5.2341457E-02   5.4275525E-01   2.1420303E+00   1.0574856E-01   2.0602824E-01   1.7572297E-01   4.9894347E-01   9.6029166E-01  
 6.1608078E+02   1.3166359E+00  -2.2464152E+00   4.1641634E-01   5.3643659E-02  -9.3416090E-01   3.2357061E+02   2.0897768E-01   3.9937067E-01   1.2102079E+01   6.4118772E+02   2.2381054E+01   1.0282171E-01   3.6466350E-01   5.2341457E-02   5.4275525E-01   2.1420303E+00   1.0574856E-01   2.0602824E-01   1.7572297E-01   4.9894347E-01   9.6029166E-01  
 5.9386724E+02   1.3166359E+00  -2.2464152E+00   4.8990158E-01   4.5597111E-02  -9.3416090E-01   3.2357061E+02   2.0897768E-01   3.9937067E-01   1.2102079E+01   6.4118772E+02   2.2381054E+01   1.0282171E-01   3.6466350E-01   5.2341457E-02   5.4275525E-01   2.1420303E+00   1.0574856E-01   2.0602824E-01   1.7572297E-01   4.9894347E-01   9.6029166E-01  
 5.9391539E+02   1.3166359E+00  -2.2464152E+00   4.8990158E-01   5.3643659E-02  -1.0742850E+00   3.2357061E+02   2.0897768E-01   3.9937067E-01   1.2102079E+01   6.4118772E+02   2.2381054E+01   1.0282171E-01   3.6466350E-01   5.2341457E-02   5.4275525E-01   2.1420303E+00   1.0574856E-01   2.0602824E-01   1.7572297E-01   4.9894347E-01   9.6029166E-01  
 5.9307703E+02   1.3166359E+00  -2.2464152E+00   4.8990158E-01   5.3643659E-02  -9.3416090E-01   3.7210620E+02   2.0897768E-01   3.9937067E-01   1.2102079E+01   6.4118772E+02   2.2381054E+01   1.0282171E-01   3.6466350E-01   5.2341457E-02   5.4275525E-01   2.1420303E+00   1.0574856E-01   2.0602824E-01   1.7572297E-01   4.9894347E-01   9.6029166E-01  
 5.9292477E+02   1.3166359E+00  -2.2464152E+00   4.8990158E-01   5.3643659E-02  -9.3416090E-01   3.2357061E+02   2.4032434E-01   3.9937067E-01   1.2102079E+01   6.4118772E+02   2.2381054E+01   1.0282171E-01   3.6466350E-01   5.2341457E-02   5.4275525E-01   2.1420303E+00   1.0574856E-01   2.0602824E-01   1.7572297E-01   4.9894347E-01   9.6029166E-01  
 5.8989480E+02   1.3166359E+00  -2.2464152E+00   4.8990158E-01   5.3643659E-02  -9.3416090E-01   3.2357061E+02   2.0897768E-01   3.3946507E-01   1.2102079E+01   6.4118772E+02   2.2381054E+01   1.0282171E-01   3.6466350E-01   5.2341457E-02   5.4275525E-01   2.1420303E+00   1.0574856E-01   2.0602824E-01   1.7572297E-01   4.9894347E-01   9.6029166E-01  
 5.9692386E+02   1.3166359E+00  -2.2464152E+00   4.8990158E-01   5.3643659E-02  -9.3416090E-01   3.2357061E+02   2.0897768E-01   3.9937067E-01   1.3917391E+01   6.4118772E+02   2.2381054E+01   1.0282171E-01   3.6466350E-01   5.2341457E-02   5.4275525E-01   2.1420303E+00   1.0574856E-01   2.0602824E-01   1.7572297E-01   4.9894347E-01   9.6029166E-01  
 5.9460078E+02   1.3166359E+00  -2.2464152E+00   4.8990158E-01   5.3643659E-02  -9.3416090E-01   3.2357061E+02   2.0897768E-01   3.9937067E-01   1.2102079E+01   7.3736588E+02   2.2381054E+01   1.0282171E-01   3.6466350E-01   5.2341457E-02   5.4275525E-01   2.1420303E+00   1.0574856E-01   2.0602824E-01   1.7572297E-01   4.9894347E-01   9.6029166E-01  
 5.9470561E+02   1.3166359E+00  -2.2464152E+00   4.8990158E-01   5.3643659E-02  -9.3416090E-01   3.2357061E+02   2.0897768E-01   3.9937067E-01   1.2102079E+01   6.4118772E+02   2.5738212E+01   1.0282171E-01   3.6466350E-01   5.2341457E-02   5.4275525E-01   2.1420303E+00   1.0574856E-01   2.0602824E-01   1.7572297E-01   4.9894347E-01   9.6029166E-01  
 5.9483816E+02   1.3166359E+00  -2.2464152E+00   4.8990158E-01   5.3643659E-02  -9.3416090E-01   3.2357061E+02   2.0897768E-01   3.9937067E-01   1.2102079E+01   6.4118772E+02   2.2381054E+01   1.1824497E-01   3.6466350E-01   5.2341457E-02   5.4275525E-01   2.1420303E+00   1.0574856E-01   2.0602824E-01   1.7572297E-01   4.9894347E-01   9.6029166E-01  
 5.9500134E+02   1.3166359E+00  -2.2464152E+00   4.8990158E-01   5.3643659E-02  -9.3416090E-01   3.2357061E+02   2.0897768E-01   3.9937067E-01   1.2102079E+01   6.4118772E+02   2.2381054E+01   1.0282171E-01   4.1936302E-01   5.2341457E-02   5.4275525E-01   2.1420303E+00   1.0574856E-01   2.0602824E-01   1.7572297E-01   4.9894347E-01   9.6029166E-01  
 5.9449510E+02   1.3166359E+00  -2.2464152E+00   4.8990158E-01   5.3643659E-02  -9.3416090E-01   3.2357061E+02   2.0897768E-01   3.9937067E-01   1.2102079E+01   6.4118772E+02   2.2381054E+01   1.0282171E-01   3.6466350E-01   4.4490238E-02   5.4275525E-01   2.1420303E+00   1.0574856E-01   2.0602824E-01   1.7572297E-01   4.9894347E-01   9.6029166E-01  
 5.9525519E+02   1.3166359E+00  -2.2464152E+00   4.8990158E-01   5.3643659E-02  -9.3416090E-01   3.2357061E+02   2.0897768E-01   3.9937067E-01   1.2102079E+01   6.4118772E+02   2.2381054E+01   1.0282171E-01   3.6466350E-01   5.2341457E-02   6.2416854E-01   2.1420303E+00   1.0574856E-01   2.0602824E-01   1.7572297E-01   4.9894347E-01   9.6029166E-01  
 5.9476354E+02   1.3166359E+00  -2.2464152E+00   4.8990158E-01   5.3643659E-02  -9.3416090E-01   3.2357061E+02   2.0897768E-01   3.9937067E-01   1.2102079E+01   6.4118772E+02   2.2381054E+01   1.0282171E-01   3.6466350E-01   5.2341457E-02   5.4275525E-01   1.8207258E+00   1.0574856E-01   2.0602824E-01   1.7572297E-01   4.9894347E-01   9.6029166E-01  
 5.9585625E+02   1.3166359E+00  -2.2464152E+00   4.8990158E-01   5.3643659E-02  -9.3416090E-01   3.2357061E+02   2.0897768E-01   3.9937067E-01   1.2102079E+01   6.4118772E+02   2.2381054E+01   1.0282171E-01   3.6466350E-01   5.2341457E-02   5.4275525E-01   2.1420303E+00   1.2161085E-01   2.0602824E-01   1.7572297E-01   4.9894347E-01   9.6029166E-01  
 5.9709138E+02   1.3166359E+00  -2.2464152E+00   4.8990158E-01   5.3643659E-02  -9.3416090E-01   3.2357061E+02   2.0897768E-01   3.9937067E-01   1.2102079E+01   6.4118772E+02   2.2381054E+01   1.0282171E-01   3.6466350E-01   5.2341457E-02   5.4275525E-01   2.1420303E+00   1.0574856E-01   2.3693247E-01   1.7572297E-01   4.9894347E-01   9.6029166E-01  
 5.9610916E+02   1.3166359E+00  -2.2464152E+00   4.8990158E-01   5.3643659E-02  -9.3416090E-01   3.2357061E+02   2.0897768E-01   3.9937067E-01   1.2102079E+01   6.4118772E+02   2.2381054E+01   1.0282171E-01   3.6466350E-01   5.2341457E-02   5.4275525E-01   2.1420303E+00   1.0574856E-01   2.0602824E-01   2.0208142E-01   4.9894347E-01   9.6029166E-01  
 5.9002146E+02   1.3166359E+00  -2.2464152E+00   4.8990158E-01   5.3643659E-02  -9.3416090E-01   3.2357061E+02   2.0897768E-01   3.9937067E-01   1.2102079E+01   6.4118772E+02   2.2381054E+01   1.0282171E-01   3.6466350E-01   5.2341457E-02   5.4275525E-01   2.1420303E+00   1.0574856E-01   2.0602824E-01   1.7572297E-01   4.2410195E-01   9.6029166E-01  
 5.7982601E+02   1.3166359E+00  -2.2464152E+00   4.8990158E-01   5.3643659E-02  -9.3416090E-01   3.2357061E+02   2.0897768E-01   3.9937067E-01   1.2102079E+01   6.4118772E+02   2.2381054E+01   1.0282171E-01   3.6466350E-01   5.2341457E-02   5.4275525E-01   2.1420303E+00   1.0574856E-01   2.0602824E-01   1.7572297E-01   4.9894347E-01   8.1624791E-01  
 6.5131050E+02   1.1688579E+00  -2.9240617E+00   5.1575741E-01   6.4636415E-02  -1.7414185E-01   1.8980468E+02   9.3483663E-01   8.0170162E-01   7.2846561E+01   7.1105914E+02   5.1250027E+01   1.1419636E-01   3.2179146E-01   3.1002465E-02   2.6521275E-01   7.9400698E+00   1.1991844E-01   2.4496268E-01   1.3005322E-01   1.1665020E-01   8.0590526E-01  
 6.8551838E+02   1.3441866E+00  -2.9240617E+00   5.1575741E-01   6.4636415E-02  -1.7414185E-01   1.8980468E+02   9.3483663E-01   8.0170162E-01   7.2846561E+01   7.1105914E+02   5.1250027E+01   1.1419636E-01   3.2179146E-01   3.1002465E-02   2.6521275E-01   7.9400698E+00   1.1991844E-01   2.4496268E-01   1.3005322E-01   1.1665020E-01   8.0590526E-01  
 6.5128589E+02   1.1688579E+00  -3.3626709E+00   5.1575741E-01   6.4636415E-02  -1.7414185E-01   1.8980468E+02   9.3483663E-01   8.0170162E-01   7.2846561E+01   7.1105914E+02   5.1250027E+01   1.1419636E-01   3.2179146E-01   3.1002465E-02   2.6521275E-01   7.9400698E+00   1.1991844E-01   2.4496268E-01   1.3005322E-01   1.1665020E-01   8.0590526E-01  
 6.7358334E+02   1.1688579E+00  -2.9240617E+00   4.3839380E-01   6.4636415E-02  -1.7414185E-01   1.8980468E+02   9.3483663E-01   8.0170162E-01   7.2846561E+01   7.1105914E+02   5.1250027E+01   1.1419636E-01   3.2179146E-01   3.1002465E-02   2.6521275E-01   7.9400698E+00   1.1991844E-01   2.4496268E-01   1.3005322E-01   1.1665020E-01   8.0590526E-01  
 6.5198039E+02   1.1688579E+00  -2.9240617E+00   5.1575741E-01   7.4331877E-02  -1.7414185E-01   1.8980468E+02   9.3483663E-01   8.0170162E-01   7.2846561E+01   7.1105914E+02   5.1250027E+01   1.1419636E-01   3.2179146E-01   3.1002465E-02   2.6521275E-01   7.9400698E+00   1.1991844E-01   2.4496268E-01   1.3005322E-01   1.1665020E-01   8.0590526E-01  
 6.5103040E+02   1.1688579E+00  -2.9240617E+00   5.1575741E-01   6.4636415E-02  -2.0026313E-01   1.8980468E+02   9.3483663E-01   8.0170162E-01   7.2846561E+01   7.1105914E+02   5.1250027E+01   1.1419636E-01   3.2179146E-01   3.1002465E-02   2.6521275E-01   7.9400698E+00   1.1991844E-01   2.4496268E-01   1.3005322E-01   1.1665020E-01   8.0590526E-01  
 6.5280616E+02   1.1688579E+00  -2.9240617E+00   5.1575741E-01   6.4636415E-02  -1.7414185E-01   1.6133397E+02   9.3483663E-01   8.0170162E-01   7.2846561E+01   7.1105914E+02   5.1250027E+01   1.1419636E-01   3.2179146E-01   3.1002465E-02   2.6521275E-01   7.9400698E+00   1.1991844E-01   2.4496268E-01   1.3005322E-01   1.1665020E-01   8.0590526E-01  
 6.4816640E+02   1.1688579E+00  -2.9240617E+00   5.1575741E-01   6.4636415E-02  -1.7414185E-01   1.8980468E+02   7.9461114E-01   8.0170162E-01   7.2846561E+01   7.1105914E+02   5.1250027E+01   1.1419636E-01   3.2179146E-01   3.1002465E-02   2.6521275E-01   7.9400698E+00   1.1991844E-01   2.4496268E-01   1.3005322E-01   1.1665020E-01   8.0590526E-01  
 7.3375949E+02   1.1688579E+00  -2.9240617E+00   5.1575741E-01   6.4636415E-02  -1.7414185E-01   1.8980468E+02   9.3483663E-01   9.2195687E-01   7.2846561E+01   7.1105914E+02   5.1250027E+01   1.1419636E-01   3.2179146E-01   3.1002465E-02   2.6521275E-01   7.9400698E+00   1.1991844E-01   2.4496268E-01   1.3005322E-01   1.1665020E-01   8.0590526E-01  
 6.5131070E+02   1.1688579E+00  -2.9240617E+00   5.1575741E-01   6.4636415E-02  -1.7414185E-01   1.8980468E+02   9.3483663E-01   8.0170162E-01   8.3773545E+01   7.1105914E+02   5.1250027E+01   1.1419636E-01   3.2179146E-01   3.1002465E-02   2.6521275E-01   7.9400698E+00   1.1991844E-01   2.4496268E-01   1.3005322E-01   1.1665020E-01   8.0590526E-01  
 6.5131602E+02   1.1688579E+00  -2.9240617E+00   5.1575741E-01   6.4636415E-02  -1.7414185E-01   1.8980468E+02   9.3483663E-01   8.0170162E-01   7.2846561E+01   6.0440027E+02   5.1250027E+01   1.1419636E-01   3.2179146E-01   3.1002465E-02   2.6521275E-01   7.9400698E+00   1.1991844E-01   2.4496268E-01   1.3005322E-01   1.1665020E-01   8.0590526E-01  
 6.5075473E+02   1.1688579E+00  -2.9240617E+00   5.1575741E-01   6.4636415E-02  -1.7414185E-01   1.8980468E+02   9.3483663E-01   8.0170162E-01   7.2846561E+01   7.1105914E+02   4.3562523E+01   1.1419636E-01   3.2179146E-01   3.1002465E-02   2.6521275E-01   7.9400698E+00   1.1991844E-01   2.4496268E-01   1.3005322E-01   1.1665020E-01   8.0590526E-01  
 6.5136434E+02   1.1688579E+00  -2.9240617E+00   5.1575741E-01   6.4636415E-02  -1.7414185E-01   1.8980468E+02   9.3483663E-01   8.0170162E-01   7.2846561E+01   7.1105914E+02   5.1250027E+01   9.7066904E-02   3.2179146E-01   3.1002465E-02   2.6521275E-01   7.9400698E+00   1.1991844E-01   2.4496268E-01   1.3005322E-01   1.1665020E-01   8.0590526E-01  
 6.5165673E+02   1.1688579E+00  -2.9240617E+00   5.1575741E-01   6.4636415E-02  -1.7414185E-01   1.8980468E+02   9.3483663E-01   8.0170162E-01   7.2846561E+01   7.1105914E+02   5.1250027E+01   1.1419636E-01   2.7352274E-01   3.1002465E-02   2.6521275E-01   7.9400698E+00   1.1991844E-01   2.4496268E-01   1.3005322E-01   1.1665020E-01   8.0590526E-01  
 6.5126066E+02   1.1688579E+00  -2.9240617E+00   5.1575741E-01   6.4636415E-02  -1.7414185E-01   1.8980468E+02   9.3483663E-01   8.0170162E-01   7.2846561E+01   7.1105914E+02   5.1250027E+01   1.1419636E-01   3.2179146E-01   3.5652835E-02   2.6521275E-01   7.9400698E+00   1.1991844E-01   2.4496268E-01   1.3005322E-01   1.1665020E-01   8.0590526E-01  
 6.5087291E+02   1.1688579E+00  -2.9240617E+00   5.1575741E-01   6.4636415E-02  -1.7414185E-01   1.8980468E+02   9.3483663E-01   8.0170162E-01   7.2846561E+01   7.1105914E+02   5.1250027E+01   1.1419636E-01   3.2179146E-01   3.1002465E-02   3.0499466E-01   7.9400698E+00   1.1991844E-01   2.4496268E-01   1.3005322E-01   1.1665020E-01   8.0590526E-01  
 6.5103470E+02   1.1688579E+00  -2.9240617E+00   5.1575741E-01   6.4636415E-02  -1.7414185E-01   1.8980468E+02   9.3483663E-01   8.0170162E-01   7.2846561E+01   7.1105914E+02   5.1250027E+01   1.1419636E-01   3.2179146E-01   3.1002465E-02   2.6521275E-01   6.7490594E+00   1.1991844E-01   2.4496268E-01   1.3005322E-01   1.1665020E-01   8.0590526E-01  
 6.5198166E+02   1.1688579E+00  -2.9240617E+00   5.1575741E-01   6.4636415E-02  -1.7414185E-01   1.8980468E+02   9.3483663E-01   8.0170162E-01   7.2846561E+01   7.1105914E+02   5.1250027E+01   1.1419636E-01   3.2179146E-01   3.1002465E-02   2.6521275E-01   7.9400698E+00   1.3790620E-01   2.4496268E-01   1.3005322E-01   1.1665020E-01   8.0590526E-01  
 6.5285154E+02   1.1688579E+00  -2.9240617E+00   5.1575741E-01   6.4636415E-02  -1.7414185E-01   1.8980468E+02   9.3483663E-01   8.0170162E-01   7.2846561E+01   7.1105914E+02   5.1250027E+01   1.1419636E-01   3.2179146E-01   3.1002465E-02   2.6521275E-01   7.9400698E+00   1.1991844E-01   2.8170708E-01   1.3005322E-01   1.1665020E-01   8.0590526E-01  
 6.5002596E+02   1.1688579E+00  -2.9240617E+00   5.1575741E-01   6.4636415E-02  -1.7414185E-01   1.8980468E+02   9.3483663E-01   8.0170162E-01   7.2846561E+01   7.1105914E+02   5.1250027E+01   1.1419636E-01   3.2179146E-01   3.1002465E-02   2.6521275E-01   7.9400698E+00   1.1991844E-01   2.4496268E-01   1.1054524E-01   1.1665020E-01   8.0590526E-01  
 6.5002704E+02   1.1688579E+00  -2.9240617E+00   5.1575741E-01   6.4636415E-02  -1.7414185E-01   1.8980468E+02   9.3483663E-01   8.0170162E-01   7.2846561E+01   7.1105914E+02   5.1250027E+01   1.1419636E-01   3.2179146E-01   3.1002465E-02   2.6521275E-01   7.9400698E+00   1.1991844E-01   2.4496268E-01   1.3005322E-01   9.9152673E-02   8.0590526E-01  
 6.4062203E+02   1.1688579E+00  -2.9240617E+00   5.1575741E-01   6.4636415E-02  -1.7414185E-01   1.8980468E+02   9.3483663E-01   8.0170162E-01   7.2846561E+01   7.1105914E+02   5.1250027E+01   1.1419636E-01   3.2179146E-01   3.1002465E-02   2.6521275E-01   7.9400698E+00   1.1991844E-01   2.4496268E-01   1.3005322E-01   1.1665020E-01   6.8501947E-01  
 6.0108385E+02   1.4236995E+00  -2.2804032E+00   4.2747722E-01   7.6648919E-02  -3.8501637E+00   2.2623926E+02   4.7712829E-02   6.7981633E-01   1.9146435E+01   3.4764835E+02   6.5718385E+01   6.3828657E-02   1.0698818E-01   8.3019745E-02   3.2706160E-01   6.9478363E-01   2.9413026E-01   3.6822552E-01   2.5868822E-01   8.8289487E-02   8.9360024E-01  
 6.0900536E+02   1.6372544E+00  -2.2804032E+00   4.2747722E-01   7.6648919E-02  -3.8501637E+00   2.2623926E+02   4.7712829E-02   6.7981633E-01   1.9146435E+01   3.4764835E+02   6.5718385E+01   6.3828657E-02   1.0698818E-01   8.3019745E-02   3.2706160E-01   6.9478363E-01   2.9413026E-01   3.6822552E-01   2.5868822E-01   8.8289487E-02   8.9360024E-01  
 6.1445185E+02   1.4236995E+00  -1.9383427E+00   4.2747722E-01   7.6648919E-02  -3.8501637E+00   2.2623926E+02   4.7712829E-02   6.7981633E-01   1.9146435E+01   3.4764835E+02   6.5718385E+01   6.3828657E-02   1.0698818E-01   8.3019745E-02   3.2706160E-01   6.9478363E-01   2.9413026E-01   3.6822552E-01   2.5868822E-01   8.8289487E-02   8.9360024E-01  
 5.8751302E+02   1.4236995E+00  -2.2804032E+00   4.9159880E-01   7.6648919E-02  -3.8501637E+00   2.2623926E+02   4.7712829E-02   6.7981633E-01   1.9146435E+01   3.4764835E+02   6.5718385E+01   6.3828657E-02   1.0698818E-01   8.3019745E-02   3.2706160E-01   6.9478363E-01   2.9413026E-01   3.6822552E-01   2.5868822E-01   8.8289487E-02   8.9360024E-01  
 6.0290672E+02   1.4236995E+00  -2.2804032E+00   4.2747722E-01   8.8146257E-02  -3.8501637E+00   2.2623926E+02   4.7712829E-02   6.7981633E-01   1.9146435E+01   3.4764835E+02   6.5718385E+01   6.3828657E-02   1.0698818E-01   8.3019745E-02   3.2706160E-01   6.9478363E-01   2.9413026E-01   3.6822552E-01   2.5868822E-01   8.8289487E-02   8.9360024E-01  
 5.9266578E+02   1.4236995E+00  -2.2804032E+00   4.2747722E-01   7.6648919E-02  -3.2726392E+00   2.2623926E+02   4.7712829E-02   6.7981633E-01   1.9146435E+01   3.4764835E+02   6.5718385E+01   6.3828657E-02   1.0698818E-01   8.3019745E-02   3.2706160E-01   6.9478363E-01   2.9413026E-01   3.6822552E-01   2.5868822E-01   8.8289487E-02   8.9360024E-01  
 6.0120611E+02   1.4236995E+00  -2.2804032E+00   4.2747722E-01   7.6648919E-02  -3.8501637E+00   1.9230337E+02   4.7712829E-02   6.7981633E-01   1.9146435E+01   3.4764835E+02   6.5718385E+01   6.3828657E-02   1.0698818E-01   8.3019745E-02   3.2706160E-01   6.9478363E-01   2.9413026E-01   3.6822552E-01   2.5868822E-01   8.8289487E-02   8.9360024E-01  
 6.0108385E+02   1.4236995E+00  -2.2804032E+00   4.2747722E-01   7.6648919E-02  -3.8501637E+00   2.2623926E+02   4.0555904E-02   6.7981633E-01   1.9146435E+01   3.4764835E+02   6.5718385E+01   6.3828657E-02   1.0698818E-01   8.3019745E-02   3.2706160E-01   6.9478363E-01   2.9413026E-01   3.6822552E-01   2.5868822E-01   8.8289487E-02   8.9360024E-01  
 6.0108385E+02   1.4236995E+00  -2.2804032E+00   4.2747722E-01   7.6648919E-02  -3.8501637E+00   2.2623926E+02   4.7712829E-02   5.7784388E-01   1.9146435E+01   3.4764835E+02   6.5718385E+01   6.3828657E-02   1.0698818E-01   8.3019745E-02   3.2706160E-01   6.9478363E-01   2.9413026E-01   3.6822552E-01   2.5868822E-01   8.8289487E-02   8.9360024E-01  
 6.0108385E+02   1.4236995E+00  -2.2804032E+00   4.2747722E-01   7.6648919E-02  -3.8501637E+00   2.2623926E+02   4.7712829E-02   6.7981633E-01   1.6274470E+01   3.4764835E+02   6.5718385E+01   6.3828657E-02   1.0698818E-01   8.3019745E-02   3.2706160E-01   6.9478363E-01   2.9413026E-01   3.6822552E-01   2.5868822E-01   8.8289487E-02   8.9360024E-01  
 6.0108385E+02   1.4236995E+00  -2.2804032E+00   4.2747722E-01   7.6648919E-02  -3.8501637E+00   2.2623926E+02   4.7712829E-02   6.7981633E-01   1.9146435E+01   3.9979560E+02   6.5718385E+01   6.3828657E-02   1.0698818E-01   8.3019745E-02   3.2706160E-01   6.9478363E-01   2.9413026E-01   3.6822552E-01   2.5868822E-01   8.8289487E-02   8.9360024E-01  
 6.0108385E+02   1.4236995E+00  -2.2804032E+00   4.2747722E-01   7.6648919E-02  -3.8501637E+00   2.2623926E+02   4.7712829E-02   6.7981633E-01   1.9146435E+01   3.4764835E+02   5.5860627E+01   6.3828657E-02   1.0698818E-01   8.3019745E-02   3.2706160E-01   6.9478363E-01   2.9413026E-01   3.6822552E-01   2.5868822E-01   8.8289487E-02   8.9360024E-01  
 6.0108385E+02   1.4236995E+00  -2.2804032E+00   4.2747722E-01   7.6648919E-02  -3.8501637E+00   2.2623926E+02   4.7712829E-02   6.7981633E-01   1.9146435E+01   3.4764835E+02   6.5718385E+01   5.4254358E-02   1.0698818E-01   8.3019745E-02   3.2706160E-01   6.9478363E-01   2.9413026E-01   3.6822552E-01   2.5868822E-01   8.8289487E-02   8.9360024E-01  
 6.0108385E+02   1.4236995E+00  -2.2804032E+00   4.2747722E-01   7.6648919E-02  -3.8501637E+00   2.2623926E+02   4.7712829E-02   6.7981633E-01   1.9146435E+01   3.4764835E+02   6.5718385E+01   6.3828657E-02   1.2303641E-01   8.3019745E-02   3.2706160E-01   6.9478363E-01   2.9413026E-01   3.6822552E-01   2.5868822E-01   8.8289487E-02   8.9360024E-01  
 6.0108385E+02   1.4236995E+00  -2.2804032E+00   4.2747722E-01   7.6648919E-02  -3.8501637E+00   2.2623926E+02   4.7712829E-02   6.7981633E-01   1.9146435E+01   3.4764835E+02   6.5718385E+01   6.3828657E-02   1.0698818E-01   7.0566783E-02   3.2706160E-01   6.9478363E-01   2.9413026E-01   3.6822552E-01   2.5868822E-01   8.8289487E-02   8.9360024E-01  
 6.0108385E+02   1.4236995E+00  -2.2804032E+00   4.2747722E-01   7.6648919E-02  -3.8501637E+00   2.2623926E+02   4.7712829E-02   6.7981633E-01   1.9146435E+01   3.4764835E+02   6.5718385E+01   6.3828657E-02   1.0698818E-01   8.3019745E-02   2.7800236E-01   6.9478363E-01   2.9413026E-01   3.6822552E-01   2.5868822E-01   8.8289487E-02   8.9360024E-01  
 6.0108385E+02   1.4236995E+00  -2.2804032E+00   4.2747722E-01   7.6648919E-02  -3.8501637E+00   2.2623926E+02   4.7712829E-02   6.7981633E-01   1.9146435E+01   3.4764835E+02   6.5718385E+01   6.3828657E-02   1.0698818E-01   8.3019745E-02   3.2706160E-01   5.9056608E-01   2.9413026E-01   3.6822552E-01   2.5868822E-01   8.8289487E-02   8.9360024E-01  
 5.9914621E+02   1.4236995E+00  -2.2804032E+00   4.2747722E-01   7.6648919E-02  -3.8501637E+00   2.2623926E+02   4.7712829E-02   6.7981633E-01   1.9146435E+01   3.4764835E+02   6.5718385E+01   6.3828657E-02   1.0698818E-01   8.3019745E-02   3.2706160E-01   6.9478363E-01   2.5001072E-01   3.6822552E-01   2.5868822E-01   8.8289487E-02   8.9360024E-01  
 6.0347494E+02   1.4236995E+00  -2.2804032E+00   4.2747722E-01   7.6648919E-02  -3.8501637E+00   2.2623926E+02   4.7712829E-02   6.7981633E-01   1.9146435E+01   3.4764835E+02   6.5718385E+01   6.3828657E-02   1.0698818E-01   8.3019745E-02   3.2706160E-01   6.9478363E-01   2.9413026E-01   4.2345934E-01   2.5868822E-01   8.8289487E-02   8.9360024E-01  
 5.9979250E+02   1.4236995E+00  -2.2804032E+00   4.2747722E-01   7.6648919E-02  -3.8501637E+00   2.2623926E+02   4.7712829E-02   6.7981633E-01   1.9146435E+01   3.4764835E+02   6.5718385E+01   6.3828657E-02   1.0698818E-01   8.3019745E-02   3.2706160E-01   6.9478363E-01   2.9413026E-01   3.6822552E-01   2.1988498E-01   8.8289487E-02   8.9360024E-01  
 6.0063041E+02   1.4236995E+00  -2.2804032E+00   4.2747722E-01   7.6648919E-02  -3.8501637E+00   2.2623926E+02   4.7712829E-02   6.7981633E-01   1.9146435E+01   3.4764835E+02   6.5718385E+01   6.3828657E-02   1.0698818E-01   8.3019745E-02   3.2706160E-01   6.9478363E-01   2.9413026E-01   3.6822552E-01   2.5868822E-01   7.5046064E-02   8.9360024E-01  
 5.9441563E+02   1.4236995E+00  -2.2804032E+00   4.2747722E-01   7.6648919E-02  -3.8501637E+00   2.2623926E+02   4.7712829E-02   6.7981633E-01   1.9146435E+01   3.4764835E+02   6.5718385E+01   6.3828657E-02   1.0698818E-01   8.3019745E-02   3.2706160E-01   6.9478363E-01   2.9413026E-01   3.6822552E-01   2.5868822E-01   8.8289487E-02   7.5956020E-01  
