551.768294498068 
553.091109260635 
568.75741168203 
540.786044156886 
551.414294166838 
547.338137934574 
547.815822524497 
551.789918495312 
550.565065915445 
551.839750550274 
551.7770495049 
551.79933250143 
551.77895149895 
551.769036500179 
551.779080498667 
551.772039496196 
551.764538497965 
553.040125719273 
551.303073413215 
551.317151436083 
550.887876376841 
551.445588520126 
570.893200525864 
582.032532910196 
562.300895893392 
585.902295688996 
570.250985297748 
573.06510289111 
570.247833646356 
570.627143536624 
570.359681603293 
570.893200525864 
570.899194525644 
570.880102527223 
570.915528525155 
570.959455524804 
570.899704525487 
570.975989525825 
571.031644523979 
569.51823162967 
568.337315729654 
572.166327424884 
572.726090383172 
562.670700962991 
632.795377511564 
639.479492144932 
627.085283204385 
656.670754448137 
633.73001587828 
637.561891784536 
632.496263513292 
633.398589442774 
617.774479059307 
632.795504511398 
632.813282519854 
632.621436520304 
632.784620512365 
632.722596515496 
632.794314511578 
632.607806523278 
632.809136511871 
632.173512550337 
628.344434797804 
629.558068714662 
636.842138265295 
618.879855891957 
824.089927006764 
826.41764043467 
829.303950247191 
816.942730828662 
823.538831920582 
826.287897063831 
823.891175014764 
823.18967608447 
734.470524491161 
824.242968001657 
824.100851016095 
823.933506013398 
824.046452010961 
824.141452999747 
824.139478998987 
824.139285997601 
824.143721006904 
824.83849879781 
823.646103114983 
824.420548901223 
823.629267140778 
828.660122796398 
591.313026853277 
571.364235400575 
599.236148313428 
615.041100081139 
592.135186314751 
587.831116898257 
589.935367014586 
591.287922896022 
596.37768552868 
591.313026853277 
591.325009857278 
591.215018860724 
591.275287858041 
591.322188853768 
591.328864876735 
591.332156848881 
591.287560854025 
587.97429342648 
589.049556236005 
593.008463571815 
592.470824655801 
579.451629278024 
594.620000073649 
611.93678675741 
598.740808996979 
616.080780939724 
593.867239082042 
593.915389811624 
593.077034185989 
592.924774185457 
589.894795297044 
596.923861987686 
594.600779062646 
594.705608069321 
594.838159066281 
595.001340050486 
594.495104078432 
595.255191036634 
594.763544066329 
595.856245950137 
597.091383815159 
596.109163913091 
590.02146261877 
579.826013690698 
651.310496171514 
685.518375932645 
651.285887687887 
673.583336521238 
651.980389893951 
651.030395093416 
652.806164159472 
648.166399192545 
733.759493613909 
651.310697171399 
651.316023171591 
650.754728176889 
651.364338171056 
651.656727168392 
651.260662171946 
650.87290717681 
651.034704173168 
651.981661163489 
652.851535152413 
650.02596318611 
650.027040186103 
640.622029329946 
601.08384634628 
609.005357784558 
614.451851985087 
587.513017281059 
602.90671577185 
592.665783726041 
601.206107236471 
601.08384634628 
601.08384634628 
601.08384634628 
601.08384634628 
601.08384634628 
601.08384634628 
601.08384634628 
601.08384634628 
601.08384634628 
601.08384634628 
599.146212538252 
603.474936070348 
599.792496546262 
600.630413414735 
594.415632685989 
