Iter  GoF  SOIL__N  SOIL__LOG10_Alpha  SOIL__ThetaSat  SOIL__ThetaRes  SOIL__LOG10_NormalHydrConductivity  SCALAR__SoilRoughness  SCALAR__LSAI  SCALAR__CanopyFraction  SCALAR__DecayCoeffCanopy  SCALAR__RootDepth  SCALAR__MinStomatalRes  SCALAR__VegReflectVis  SCALAR__VegReflNIR  SCALAR__VegTransVis  SCALAR__VegTransNIR  SCALAR__CanDensSurface  SCALAR__SoilAlbVisDry  SCALAR__SoilAlbNIRDry  SCALAR__SoilAlbVisWet  SCALAR__SoilAlbNIRWet  SCALAR__SoilEmissiv  
1   6.9771583E+02   1.2951988E+00  -3.2360548E+00   6.8857318E-01   4.7166223E-02  -3.2663561E+00   4.9872583E+02   2.5305256E-01   5.1183314E-01   1.6416694E+01   1.1011447E+02   9.3526780E+01   7.4003709E-02   1.3032458E-01   7.1848128E-03   3.5971820E-01   4.7578109E+00   6.9811915E-02   3.5811646E-01   5.0781124E-02   3.4854810E-01   8.6744008E-01  
2   6.9684285E+02   1.2224190E+00  -2.8719419E+00   5.9812239E-01   6.4353558E-02  -1.9485015E+00   3.7341367E+02   5.3410936E-01   1.7513837E-01   1.8434190E+01   2.1230463E+02   6.0306543E+01   8.1581800E-02   3.3940765E-01   9.2849060E-02   8.4168040E-02   5.3964675E+00   1.2316795E-01   2.8453824E-01   5.5009840E-02   3.9008516E-01   8.0929997E-01  
3   6.8345414E+02   1.1500000E+00  -3.0851663E+00   6.7792810E-01   5.9175794E-02  -1.7213945E+00   2.2560810E+02   4.8984555E-01   2.8850697E-01   0.0000000E+00   1.0000000E+03   1.0000000E+02   1.3204266E-01   5.0000000E-02   4.0683337E-02   3.8365769E-01   8.0000000E+00   1.6064264E-01   1.2268551E-01   9.6951911E-02   4.4773686E-01   8.2513144E-01  
4   6.8345414E+02   1.1500000E+00  -3.0851663E+00   6.7792810E-01   5.9175794E-02  -1.7213945E+00   2.2560810E+02   4.8984555E-01   2.8850697E-01   0.0000000E+00   1.0000000E+03   1.0000000E+02   1.3204266E-01   5.0000000E-02   4.0683337E-02   3.8365769E-01   8.0000000E+00   1.6064264E-01   1.2268551E-01   9.6951911E-02   4.4773686E-01   8.2513144E-01  
5   6.8345414E+02   1.1500000E+00  -3.0851663E+00   6.7792810E-01   5.9175794E-02  -1.7213945E+00   2.2560810E+02   4.8984555E-01   2.8850697E-01   0.0000000E+00   1.0000000E+03   1.0000000E+02   1.3204266E-01   5.0000000E-02   4.0683337E-02   3.8365769E-01   8.0000000E+00   1.6064264E-01   1.2268551E-01   9.6951911E-02   4.4773686E-01   8.2513144E-01  
6   6.8345414E+02   1.1500000E+00  -3.0851663E+00   6.7792810E-01   5.9175794E-02  -1.7213945E+00   2.2560810E+02   4.8984555E-01   2.8850697E-01   0.0000000E+00   1.0000000E+03   1.0000000E+02   1.3204266E-01   5.0000000E-02   4.0683337E-02   3.8365769E-01   8.0000000E+00   1.6064264E-01   1.2268551E-01   9.6951911E-02   4.4773686E-01   8.2513144E-01  
7   6.8345414E+02   1.1500000E+00  -3.0851663E+00   6.7792810E-01   5.9175794E-02  -1.7213945E+00   2.2560810E+02   4.8984555E-01   2.8850697E-01   0.0000000E+00   1.0000000E+03   1.0000000E+02   1.3204266E-01   5.0000000E-02   4.0683337E-02   3.8365769E-01   8.0000000E+00   1.6064264E-01   1.2268551E-01   9.6951911E-02   4.4773686E-01   8.2513144E-01  
8   6.8345414E+02   1.1500000E+00  -3.0851663E+00   6.7792810E-01   5.9175794E-02  -1.7213945E+00   2.2560810E+02   4.8984555E-01   2.8850697E-01   0.0000000E+00   1.0000000E+03   1.0000000E+02   1.3204266E-01   5.0000000E-02   4.0683337E-02   3.8365769E-01   8.0000000E+00   1.6064264E-01   1.2268551E-01   9.6951911E-02   4.4773686E-01   8.2513144E-01  
9   6.8345414E+02   1.1500000E+00  -3.0851663E+00   6.7792810E-01   5.9175794E-02  -1.7213945E+00   2.2560810E+02   4.8984555E-01   2.8850697E-01   0.0000000E+00   1.0000000E+03   1.0000000E+02   1.3204266E-01   5.0000000E-02   4.0683337E-02   3.8365769E-01   8.0000000E+00   1.6064264E-01   1.2268551E-01   9.6951911E-02   4.4773686E-01   8.2513144E-01  
10   6.8210826E+02   1.1531922E+00  -3.1372612E+00   6.6390326E-01   6.3050184E-02  -1.7600991E+00   1.7412622E+02   2.5515892E-01   3.8497322E-01   8.8807488E-01   9.5031126E+02   5.3669589E+01   1.0643566E-01   1.0158985E-01   2.7789968E-02   3.0458190E-01   6.1051268E+00   1.7848162E-01   1.5353860E-01   6.1747126E-02   4.1853338E-01   8.3236490E-01  
11   6.7996480E+02   1.2079023E+00  -3.2845794E+00   6.6540563E-01   6.7560789E-02  -1.9688224E+00   2.4273751E+02   6.6995667E-01   3.3778570E-01   1.9902487E+01   1.0000000E+03   9.0884155E+01   9.9202596E-02   9.6805341E-02   8.2108790E-02   3.0132677E-01   7.9243302E+00   7.9758468E-02   2.2855144E-01   6.1165120E-02   1.8228074E-01   8.5319516E-01  
12   6.7996480E+02   1.2079023E+00  -3.2845794E+00   6.6540563E-01   6.7560789E-02  -1.9688224E+00   2.4273751E+02   6.6995667E-01   3.3778570E-01   1.9902487E+01   1.0000000E+03   9.0884155E+01   9.9202596E-02   9.6805341E-02   8.2108790E-02   3.0132677E-01   7.9243302E+00   7.9758468E-02   2.2855144E-01   6.1165120E-02   1.8228074E-01   8.5319516E-01  
13   6.7914757E+02   1.1500000E+00  -3.1947042E+00   6.8631099E-01   6.2311965E-02  -1.4578133E+00   2.5004628E+02   7.6991792E-01   3.3670656E-01   1.4236206E+01   9.8217493E+02   8.5236139E+01   1.1840602E-01   7.4438940E-02   3.9246339E-02   3.4165312E-01   6.8855983E+00   1.7368746E-01   8.1602164E-02   8.9093135E-02   3.6369673E-01   8.0000000E-01  
14   6.7645305E+02   1.1500000E+00  -3.3010300E+00   6.8148384E-01   7.5796095E-02  -1.9065597E+00   1.4168334E+02   3.8349857E-01   4.2098287E-01   2.6698780E+01   9.9519235E+02   1.0000000E+02   1.2631590E-01   7.6640507E-02   6.8774430E-02   3.0330745E-01   7.1227466E+00   1.1365213E-01   1.6298323E-01   8.1913145E-02   9.7691949E-02   8.3286772E-01  
15   6.7584019E+02   1.1698979E+00  -3.3010300E+00   6.8307862E-01   6.2773812E-02  -2.1898392E+00   2.8693083E+02   7.4539452E-01   4.1836916E-01   2.1295353E+01   9.6092007E+02   9.4181144E+01   1.0463985E-01   8.6116012E-02   3.2385825E-02   3.9603093E-01   7.8104838E+00   8.1367778E-02   2.9514375E-01   8.7315112E-02   5.0000000E-02   8.4561692E-01  
16   6.7584019E+02   1.1698979E+00  -3.3010300E+00   6.8307862E-01   6.2773812E-02  -2.1898392E+00   2.8693083E+02   7.4539452E-01   4.1836916E-01   2.1295353E+01   9.6092007E+02   9.4181144E+01   1.0463985E-01   8.6116012E-02   3.2385825E-02   3.9603093E-01   7.8104838E+00   8.1367778E-02   2.9514375E-01   8.7315112E-02   5.0000000E-02   8.4561692E-01  
17   6.7584019E+02   1.1698979E+00  -3.3010300E+00   6.8307862E-01   6.2773812E-02  -2.1898392E+00   2.8693083E+02   7.4539452E-01   4.1836916E-01   2.1295353E+01   9.6092007E+02   9.4181144E+01   1.0463985E-01   8.6116012E-02   3.2385825E-02   3.9603093E-01   7.8104838E+00   8.1367778E-02   2.9514375E-01   8.7315112E-02   5.0000000E-02   8.4561692E-01  
18   6.7535567E+02   1.1500000E+00  -3.1589215E+00   6.9214635E-01   5.6706769E-02  -1.7873845E+00   4.4571810E+01   8.3959618E-01   2.8139595E-01   2.9427284E+01   8.9578191E+02   8.7030347E+01   1.0741440E-01   1.7881104E-01   5.4920581E-02   2.9636266E-01   4.7976156E+00   1.6777273E-01   1.1572011E-01   1.5638055E-01   1.1202978E-01   8.1780306E-01  
19   6.7498165E+02   1.1500815E+00  -3.1773768E+00   6.8648113E-01   5.8743136E-02  -1.8377184E+00   5.2186407E+01   8.5195491E-01   3.1227173E-01   2.8364274E+01   8.9183369E+02   9.2600428E+01   1.0523501E-01   1.5808291E-01   5.6459302E-02   3.1358594E-01   5.1805687E+00   1.4697790E-01   1.6312714E-01   1.5551816E-01   1.0321275E-01   8.1486182E-01  
20   6.7498165E+02   1.1500815E+00  -3.1773768E+00   6.8648113E-01   5.8743136E-02  -1.8377184E+00   5.2186407E+01   8.5195491E-01   3.1227173E-01   2.8364274E+01   8.9183369E+02   9.2600428E+01   1.0523501E-01   1.5808291E-01   5.6459302E-02   3.1358594E-01   5.1805687E+00   1.4697790E-01   1.6312714E-01   1.5551816E-01   1.0321275E-01   8.1486182E-01  
