x
6.758279e+02
6.758402e+02
6.760283e+02
6.758279e+02
6.765582e+02
6.761184e+02
6.760283e+02
6.758402e+02
6.749817e+02
6.762135e+02
6.749817e+02
6.758279e+02
6.758402e+02
6.758402e+02
6.749817e+02
6.758279e+02
6.751595e+02
6.760283e+02
6.751595e+02
6.758279e+02
6.749817e+02
6.758402e+02
6.758402e+02
6.751595e+02
6.749817e+02
6.760283e+02
6.760283e+02
6.751595e+02
6.760283e+02
6.749817e+02
6.762745e+02
6.760283e+02
6.749817e+02
6.763762e+02
6.758402e+02
6.762745e+02
6.758402e+02
6.758402e+02
6.749817e+02
6.758402e+02
6.763762e+02
6.762706e+02
6.758402e+02
6.760283e+02
6.758402e+02
6.758402e+02
6.760283e+02
6.760283e+02
6.760283e+02
6.751595e+02
6.763762e+02
6.758279e+02
6.751595e+02
6.758402e+02
6.758402e+02
6.751595e+02
6.758402e+02
6.758279e+02
6.758402e+02
6.758279e+02
6.764931e+02
6.762745e+02
6.758279e+02
6.758402e+02
6.758279e+02
6.758402e+02
6.749817e+02
6.762135e+02
6.758402e+02
6.758402e+02
6.758402e+02
6.749817e+02
6.749817e+02
6.749817e+02
6.749817e+02
6.751595e+02
6.762706e+02
6.760283e+02
6.758402e+02
6.760283e+02
6.763682e+02
6.760283e+02
6.758279e+02
6.766503e+02
6.751595e+02
6.751595e+02
6.758402e+02
6.761184e+02
6.760283e+02
6.758402e+02
6.758402e+02
6.758402e+02
6.758279e+02
6.758402e+02
6.758402e+02
6.762745e+02
6.749817e+02
6.749817e+02
6.758279e+02
6.758279e+02
6.758402e+02
6.761184e+02
6.762135e+02
6.758402e+02
6.758402e+02
6.751595e+02
6.762135e+02
6.758279e+02
6.749817e+02
6.762745e+02
6.760283e+02
6.762745e+02
6.760283e+02
6.760283e+02
6.751595e+02
6.764531e+02
6.758402e+02
6.749817e+02
6.749817e+02
6.758279e+02
6.749817e+02
6.758402e+02
6.758279e+02
6.758279e+02
6.760283e+02
6.758402e+02
6.749817e+02
