Neigh1  Neigh2  Neigh3  Neigh4  Neigh5  Neigh6  Neigh7  Neigh8  Neigh9  Neigh10  Neigh11  Neigh12  Neigh13  Neigh14  Neigh15  Neigh16  Neigh17  Neigh18  Neigh19  Neigh20  Neigh21  Neigh22  Neigh23  Neigh24  Neigh25  Neigh26  Neigh27  Neigh28  Neigh29  Neigh30  Neigh31  Neigh32  Neigh33  Neigh34  Neigh35  Neigh36  Neigh37  Neigh38  Neigh39  Neigh40  Neigh41  Neigh42  Neigh43  Neigh44  Neigh45  Neigh46  Neigh47  Neigh48  Neigh49  Neigh50  Neigh51  Neigh52  Neigh53  Neigh54  Neigh55  Neigh56  Neigh57  Neigh58  Neigh59  Neigh60  Neigh61  Neigh62  Neigh63  Neigh64  Neigh65  Neigh66  Neigh67  Neigh68  Neigh69  Neigh70  Neigh71  Neigh72  Neigh73  Neigh74  Neigh75  Neigh76  Neigh77  Neigh78  Neigh79  Neigh80  Neigh81  Neigh82  Neigh83  Neigh84  Neigh85  Neigh86  Neigh87  Neigh88  Neigh89  Neigh90  Neigh91  Neigh92  Neigh93  Neigh94  Neigh95  Neigh96  Neigh97  Neigh98  Neigh99  Neigh100  Neigh101  Neigh102  Neigh103  Neigh104  Neigh105  Neigh106  Neigh107  Neigh108  Neigh109  Neigh110  Neigh111  Neigh112  Neigh113  Neigh114  Neigh115  Neigh116  Neigh117  Neigh118  Neigh119  Neigh120  Neigh121  Neigh122  Neigh123  Neigh124  Neigh125  Neigh126  Neigh127
Part1  1  5  8  13  16  19  20  29  34  40  47  48  54  56  62  64  96  99  102  108  110  117  126                                                                                                                                                                                                                
Part2  2  6  14  17  30  39  44  57  58  61  63  70  72  75  77  81  96  104  108  110  111  113  114                                                                                                                                                                                                                
Part3  3  11  23  25  34  36  39  44  46  62  74  83  93  95  98  108  109  111  126                                                                                                                                                                                                                        
Part4  4  11  16  18  20  29  56  57  58  65  69  71  74  88  111  123  126                                                                                                                                                                                                                            
Part5  1  3  5  6  32  34  40  43  47  50  51  56  60  62  66  72  83  99  109  112  120                                                                                                                                                                                                                    
Part6  2  4  5  6  12  13  15  23  41  42  45  56  59  66  76  82  91  95  117  118  120  121  126                                                                                                                                                                                                                
Part7  6  7  9  15  23  34  35  38  49  54  59  64  75  78  82  95  100  107  110  111  113  115  125                                                                                                                                                                                                                
Part8  7  8  22  23  25  32  43  44  59  71  75  77  87  93  95  103  110  111  114  122  123                                                                                                                                                                                                                    
Part9  2  5  9  17  46  57  66  67  68  71  77  89  90  91  96  100  104  106  116  119                                                                                                                                                                                                                      
Part10  5  6  7  8  9  10  13  18  36  41  43  46  52  54  63  68  69  71  72  75  78  94  96  97  101  103  110  118                                                                                                                                                                                                      
Part11  7  11  19  31  35  39  48  55  65  69  83  100  102  105  106  108  119                                                                                                                                                                                                                            
Part12  3  7  9  12  14  19  20  34  48  51  53  56  64  80  81  87  91  97  108  118  120                                                                                                                                                                                                                    
Part13  4  9  11  13  25  31  34  35  38  42  44  46  48  59  61  63  72  76  88  90  92  94  103  105  108  113  115  125                                                                                                                                                                                                      
Part14  8  11  13  14  19  21  24  30  32  34  42  43  44  53  58  61  70  74  84  88  92  99  102  109  120                                                                                                                                                                                                            
Part15  4  6  7  14  15  19  26  29  35  36  38  57  59  68  76  81  88  99  112  114  115  116  119  120                                                                                                                                                                                                              
Part16  3  9  12  16  20  29  34  44  46  54  70  74  76  83  87  91  101  103  104  112  115  120  123  125                                                                                                                                                                                                              
Part17  1  5  9  17  26  33  34  35  36  51  56  81  85  90  92  94  97  112                                                                                                                                                                                                                          
Part18  6  8  14  15  16  18  19  27  29  30  33  35  37  54  61  66  71  73  75  81  101  108  114  123  124  125  126                                                                                                                                                                                                        
Part19  2  18  19  24  27  31  34  43  57  60  61  72  76  78  82  83  85  86  87  95  104  105  114  117  122                                                                                                                                                                                                            
Part20  9  20  23  32  35  37  45  53  59  61  66  69  72  84  88  89  91  102  103  104  105  107  109  113  118  122  124                                                                                                                                                                                                        
Part21  4  11  13  15  21  25  34  48  53  57  61  62  69  76  78  80  82  83  87  92  98  99  112  113  118  119                                                                                                                                                                                                          
Part22  8  11  15  22  25  50  55  62  66  74  80  84  98  111  113  114  122  126  127                                                                                                                                                                                                                        
Part23  15  23  33  54  56  61  76  81  98  101  111  118  126  127                                                                                                                                                                                                                                  
Part24  4  5  14  15  22  24  29  36  38  39  44  54  57  70  73  85  88  90  91  93  95  96  97  111  114  122                                                                                                                                                                                                          
Part25  10  25  33  45  46  52  60  68  71  75  81  85  89  99  100  119  124                                                                                                                                                                                                                            
Part26  2  22  26  27  37  39  49  65  69  72  80  92  97  98  103  113  118  122  125  126  127                                                                                                                                                                                                                    
Part27  7  11  15  18  21  27  28  39  50  55  56  61  65  67  71  88  91  92  95  99  103  104  113  116                                                                                                                                                                                                              
Part28  8  27  28  52  66  75  77  79  85  97  101  103  108  115  116  118  122  124                                                                                                                                                                                                                          
Part29  1  17  19  25  29  31  35  39  41  51  52  54  58  65  67  68  71  86  87  93  96  104  105  115  116  117  120                                                                                                                                                                                                        
Part30  4  5  7  9  10  17  19  26  29  30  47  52  54  55  64  68  69  76  79  82  87  88  94  95  96  97  109  116  119  127                                                                                                                                                                                                  
Part31  22  31  43  47  53  57  60  77  80  87  95  97  98  102  105  106  114  116  121  126                                                                                                                                                                                                                      
Part32  1  2  9  19  21  24  32  34  44  61  69  74  78  87  88  98  106  107  118  122  125                                                                                                                                                                                                                    
Part33  5  26  31  33  38  40  56  57  61  83  84  91  95  108  110  112  117  119  127                                                                                                                                                                                                                        
Part34  3  5  8  11  24  29  34  41  55  56  57  58  69  73  76  78  90  93  102  106  109  110  113  116  125                                                                                                                                                                                                            
Part35  3  13  14  18  23  24  25  27  35  45  49  50  64  65  75  83  88  89  96  99  100  102  113  120  126                                                                                                                                                                                                            
Part36  4  6  7  11  12  14  21  22  27  28  31  36  42  46  47  48  53  54  64  71  84  88  111                                                                                                                                                                                                                
Part37  1  5  6  11  24  26  30  35  37  40  43  47  53  73  78  80  95  98  115  118  127                                                                                                                                                                                                                    
Part38  18  19  21  22  26  34  38  42  54  59  66  70  92  102  103  107  111  116  123  127                                                                                                                                                                                                                      
Part39  2  3  5  10  22  27  31  36  39  41  49  50  56  65  69  72  74  76  91  97  106  107  115  116  119  124                                                                                                                                                                                                          
Part40  6  26  27  35  40  53  59  60  62  66  68  72  81  84  86  91  92  93  96  97  98  104  107  108  122  126                                                                                                                                                                                                          
Part41  10  17  27  35  36  37  41  42  47  53  54  56  60  62  65  67  90  93  97  105  106  111  114  121  126  127                                                                                                                                                                                                          
Part42  25  42  44  61  62  72  79  86  88  91  96  97  118  127                                                                                                                                                                                                                                  
Part43  14  15  18  36  38  43  48  51  55  57  59  63  70  76  78  79  86  87  98  99  105  107                                                                                                                                                                                                                  
Part44  1  11  24  39  44  45  46  62  69  73  78  81  93  94  99  104  117  125  127                                                                                                                                                                                                                        
Part45  12  28  41  42  45  56  64  67  69  70  81  84  102  103  112  117                                                                                                                                                                                                                              
Part46  12  17  26  28  32  33  40  46  48  50  51  55  58  59  62  63  67  70  83  86  88  90  93  100  105  107  112  121  125                                                                                                                                                                                                    
Part47  7  10  17  18  34  44  47  58  59  64  78  80  88  93  94  97  107  108  111  122  127                                                                                                                                                                                                                    
Part48  5  28  34  35  37  39  40  41  43  46  48  56  59  73  74  76  97  101  113  114  122  126                                                                                                                                                                                                                  
Part49  3  5  13  16  38  39  40  48  49  60  62  72  79  81  84  86  93  105  107  109  115  116  118                                                                                                                                                                                                                
Part50  10  19  20  21  23  25  26  30  33  39  41  42  43  46  50  52  74  85  86  88  89  106  112  116  120  124  126                                                                                                                                                                                                        
Part51  1  2  26  29  40  41  44  48  51  55  60  63  77  88  90  95  96  99  109  114  116                                                                                                                                                                                                                    
Part52  10  20  24  34  38  39  45  47  52  54  55  59  62  68  77  94  98  100  104  105  111  115  120  124  126                                                                                                                                                                                                            
Part53  9  20  23  31  34  41  45  48  53  69  71  73  75  76  78  84  85  87  88  102  106  107  108  120                                                                                                                                                                                                              
Part54  10  21  27  29  32  40  49  50  51  54  63  64  73  74  75  80  83  93  97  98  106  110  118  120                                                                                                                                                                                                              
Part55  1  3  7  32  35  50  53  55  57  63  69  73  74  79  86  88  90  92  106  108  120                                                                                                                                                                                                                    
Part56  2  9  19  21  28  33  35  36  37  41  45  46  50  52  56  63  85  87  88  92  104  108  111  115  122  123  127                                                                                                                                                                                                        
Part57  8  24  28  41  54  57  58  70  76  78  81  82  97  112  118  122  127                                                                                                                                                                                                                            
Part58  6  7  12  15  20  43  46  57  58  63  67  69  77  79  80  81  86  99  100  110  116  118                                                                                                                                                                                                                  
Part59  9  14  24  28  34  35  41  44  47  48  53  54  59  61  73  76  79  95  97  101  103  108  109  111  120  121                                                                                                                                                                                                          
Part60  11  14  18  19  20  22  29  40  42  44  47  48  50  55  60  66  70  71  73  76  78  89  90  95  100  101  110  112  114  121  127                                                                                                                                                                                                
Part61  2  3  7  8  9  12  14  15  18  19  21  25  26  37  41  43  46  49  51  52  61  67  77  80  98  99  102  118  124                                                                                                                                                                                                    
Part62  1  2  4  15  17  18  31  37  50  62  64  65  67  86  88  95  101  107  121  127                                                                                                                                                                                                                      
Part63  20  21  23  24  32  33  36  49  58  63  66  68  74  81  83  89  94  97  104  105  108  114  116  117  124                                                                                                                                                                                                            
Part64  10  12  13  14  19  25  29  42  43  44  52  54  57  60  64  66  84  90  93  99  108  113  121                                                                                                                                                                                                                
Part65  1  6  14  17  20  26  31  37  40  45  53  54  58  60  61  63  65  71  72  74  77  86  88  89  108  110                                                                                                                                                                                                          
Part66  3  4  6  11  16  19  21  22  25  32  38  44  52  54  57  60  61  66  72  82  109  111  118  120  122  126                                                                                                                                                                                                          
Part67  10  13  16  19  20  22  41  44  47  52  64  67  73  74  76  84  85  88  90  103  115  119  120  125                                                                                                                                                                                                              
Part68  3  9  15  18  21  25  28  44  51  54  56  59  65  68  74  82  83  87  97  99  102  111  117  120  125  126                                                                                                                                                                                                          
Part69  5  13  14  21  36  38  40  47  48  51  54  55  60  61  69  73  94  98  102  103  109  110  116  120  122  124                                                                                                                                                                                                          
Part70  1  21  29  31  34  36  38  39  44  45  70  76  80  82  98  110  112  117  127                                                                                                                                                                                                                        
Part71  6  14  16  19  22  23  28  32  33  47  53  61  62  64  71  73  77  79  81  82  83  87  95  96  103  113  117  126                                                                                                                                                                                                      
Part72  12  13  14  15  21  30  38  44  45  51  72  73  78  81  82  84  90  94  100  119  122  124                                                                                                                                                                                                                  
Part73  9  10  24  31  32  34  35  36  39  41  42  44  45  48  54  57  66  73  97  98  111  112  113  119  127                                                                                                                                                                                                            
Part74  1  6  11  12  15  22  23  25  26  28  29  37  38  39  40  42  46  50  61  74  75  84  88  105  108  119                                                                                                                                                                                                          
Part75  2  12  16  18  34  39  50  54  62  63  67  69  72  74  75  76  77  78  83  84  89  93  99  103  106  109  113  115  119  123  125                                                                                                                                                                                                
Part76  14  25  30  35  37  41  46  50  51  55  63  64  70  73  76  77  79  85  94  95  97  98  104  118  124                                                                                                                                                                                                            
Part77  5  6  7  9  12  24  26  30  46  52  62  77  78  91  100  101  105  106  110  117                                                                                                                                                                                                                      
Part78  3  5  19  21  22  23  38  39  40  45  48  49  61  67  78  82  84  88  89  95  97  100  113  120                                                                                                                                                                                                              
Part79  5  9  11  12  17  22  24  26  35  36  47  53  61  62  64  68  70  79  82  84  87  88  91  93  94  95  103  105  106  108  115  117  125                                                                                                                                                                                            
Part80  2  6  23  42  44  52  54  57  68  78  79  80  89  91  92  105  107  108  112  113  123                                                                                                                                                                                                                    
Part81  1  5  19  33  50  52  53  58  64  79  80  81  107  112  116  118  121                                                                                                                                                                                                                            
Part82  6  11  28  35  50  52  56  62  63  64  66  68  69  75  82  90  113                                                                                                                                                                                                                            
Part83  6  16  20  27  37  38  42  45  52  53  56  57  60  61  63  78  81  82  83  95  96  97  103  106  107  108  123  125                                                                                                                                                                                                      
Part84  2  5  22  26  33  36  43  45  47  49  50  55  56  61  75  81  84  92  95  100  102  111  118                                                                                                                                                                                                                
Part85  12  23  24  28  41  42  43  46  47  48  49  56  62  75  77  79  81  85  94  98  100  103  108  109  114  117  127                                                                                                                                                                                                        
Part86  2  7  12  13  17  19  21  45  48  50  55  56  71  74  78  81  85  86  89  98  108  112  118  123                                                                                                                                                                                                              
Part87  1  6  7  8  9  13  18  21  22  23  31  37  43  54  62  64  72  75  78  83  86  87  98  108  111  115  117  120  124                                                                                                                                                                                                    
Part88  12  21  23  35  41  51  62  69  72  88  111  115                                                                                                                                                                                                                                      
Part89  4  16  17  21  25  30  35  43  46  57  62  63  64  76  86  87  89  90  99  105  114  117  118                                                                                                                                                                                                                
Part90  5  9  14  23  52  55  56  64  67  78  83  87  90  98  100  114  118                                                                                                                                                                                                                            
Part91  1  4  10  47  52  63  66  76  91  92  102  104  112  117  122  125  126                                                                                                                                                                                                                            
Part92  9  13  14  31  33  37  47  52  54  58  67  69  70  71  75  81  88  92  94  98  120  121  126                                                                                                                                                                                                                
Part93  11  14  19  20  25  44  54  57  59  62  76  78  86  93  96  107  116  117  124  125                                                                                                                                                                                                                      
Part94  3  8  32  44  64  65  68  75  76  83  94  107  110  113  121  124  127                                                                                                                                                                                                                            
Part95  3  6  8  10  24  36  41  45  50  51  52  55  58  59  64  67  69  70  77  90  95  98  102  117  120  121  122                                                                                                                                                                                                        
Part96  2  12  16  29  30  36  47  57  60  65  71  80  84  94  96  98  102  109                                                                                                                                                                                                                          
Part97  3  10  15  21  25  30  32  37  39  43  56  94  97  98  116  117  119                                                                                                                                                                                                                            
Part98  2  3  11  18  20  23  29  40  43  45  58  63  68  79  84  94  98  116  119  121                                                                                                                                                                                                                      
Part99  6  8  10  16  17  20  32  37  39  44  47  50  55  81  83  88  90  93  99  100  101  111  122                                                                                                                                                                                                                
Part100  5  8  11  13  14  20  21  31  36  42  52  56  57  65  66  70  76  78  79  86  99  100  105  108  110  111  116  118  120  121  122                                                                                                                                                                                                
Part101  7  11  15  16  22  30  31  37  38  50  59  62  71  86  94  99  101  110  115  123                                                                                                                                                                                                                      
Part102  2  11  21  23  24  31  36  44  46  50  51  57  63  64  65  67  69  74  76  81  83  84  91  94  98  101  102  114  117  122  125                                                                                                                                                                                                
Part103  6  31  36  45  46  48  61  65  68  69  76  83  96  99  103  105  106  115  118  120  122  126                                                                                                                                                                                                                  
Part104  7  16  37  38  50  55  70  73  76  79  81  88  100  101  102  103  104  108  111  117  123                                                                                                                                                                                                                    
Part105  1  2  5  11  14  18  19  33  41  45  65  66  67  70  80  83  87  95  96  105  113  115  124                                                                                                                                                                                                                
Part106  9  13  17  19  23  32  53  65  85  91  97  104  105  106  110  121                                                                                                                                                                                                                              
Part107  7  12  35  43  44  51  56  68  77  79  83  90  96  97  104  105  106  107  109  115  117  120  125                                                                                                                                                                                                                
Part108  9  10  12  20  22  53  54  56  64  71  73  74  84  90  92  93  95  99  100  108  113  114  116  121                                                                                                                                                                                                              
Part109  5  7  16  23  32  34  39  42  48  51  52  56  57  66  75  81  86  90  91  101  102  105  109  110  113  114  119  120  121                                                                                                                                                                                                    
Part110  3  6  7  13  30  35  43  55  79  90  94  96  97  99  106  110  117  118  120  122  127                                                                                                                                                                                                                    
Part111  6  16  17  27  30  52  59  73  75  101  104  111  114                                                                                                                                                                                                                                    
Part112  19  22  26  35  36  44  56  60  73  87  93  97  103  105  106  112  122  124                                                                                                                                                                                                                          
Part113  7  11  16  19  26  29  30  39  42  43  46  57  59  84  87  105  113  122                                                                                                                                                                                                                          
Part114  4  10  14  25  27  38  39  49  53  60  73  79  80  83  90  95  110  114  116  118  127                                                                                                                                                                                                                    
Part115  10  14  19  22  26  30  33  35  36  37  46  55  62  63  71  72  74  85  92  95  107  115  122  123  124  125  127                                                                                                                                                                                                        
Part116  1  8  10  19  21  30  51  52  56  59  61  69  75  96  100  108  112  116                                                                                                                                                                                                                          
Part117  2  7  14  15  17  18  19  28  49  54  55  60  66  70  82  88  92  94  100  104  108  110  111  117                                                                                                                                                                                                              
Part118  1  5  27  30  33  41  48  54  61  73  75  95  99  100  103  109  110  113  116  118  119  125                                                                                                                                                                                                                  
Part119  13  18  27  28  33  38  44  61  63  67  79  81  101  116  118  119  120  122                                                                                                                                                                                                                          
Part120  1  2  4  6  11  14  17  18  20  23  29  40  44  56  57  65  67  84  88  92  95  104  105  106  107  108  111  118  120  124  127                                                                                                                                                                                                
Part121  3  9  13  22  23  30  31  40  46  55  62  63  66  79  80  82  83  85  87  100  102  105  108  110  112  118  119  121  126                                                                                                                                                                                                    
Part122  2  7  9  11  13  14  16  19  30  33  34  38  54  59  63  65  66  67  69  74  79  82  89  118  122                                                                                                                                                                                                            
Part123  4  6  20  24  29  35  38  42  52  65  66  68  73  75  76  84  89  91  92  98  105  114  115  123                                                                                                                                                                                                              
Part124  1  2  3  7  17  20  22  29  61  62  63  71  79  84  89  92  93  98  100  112  113  124                                                                                                                                                                                                                  
Part125  2  7  10  12  15  16  19  23  24  27  30  32  40  46  50  51  54  60  63  74  90  91  93  101  102  108  112  115  124  125  126                                                                                                                                                                                                
Part126  3  22  25  35  37  41  43  47  54  65  66  72  86  88  93  95  99  104  106  110  113  116  126                                                                                                                                                                                                                
Part127  1  6  13  14  17  18  28  35  36  39  51  56  59  69  80  83  86  99  101  104  105  107  110  111  118  119  127                                                                                                                                                                                                        
