GoF  SOIL__N  SOIL__LOG10_Alpha  SOIL__ThetaSat  SOIL__ThetaRes  SOIL__LOG10_NormalHydrConductivity  SCALAR__SoilRoughness  SCALAR__LSAI  SCALAR__CanopyFraction  SCALAR__DecayCoeffCanopy  SCALAR__RootDepth  SCALAR__MinStomatalRes  SCALAR__VegReflectVis  SCALAR__VegReflNIR  SCALAR__VegTransVis  SCALAR__VegTransNIR  SCALAR__CanDensSurface  SCALAR__SoilAlbVisDry  SCALAR__SoilAlbNIRDry  SCALAR__SoilAlbVisWet  SCALAR__SoilAlbNIRWet  SCALAR__SoilEmissiv
 5.376900e-02   1.891879e+00  -2.209629e+00   4.004949e-01   4.518886e-02  -4.301030e+00   4.997653e+01   3.909515e-01   0.000000e+00   4.796565e+01   8.891652e+02   2.091579e+01   1.741499e-01   2.759267e-01   9.081629e-02   4.422294e-01   6.067797e+00   2.512984e-01   9.230768e-02   3.126495e-01   1.818485e-01   9.741548e-01
 5.292800e-02   1.931318e+00  -2.102543e+00   4.142258e-01   4.863762e-02  -4.301030e+00   7.443578e+01   3.451819e-01   1.534776e-01   4.331356e+01   8.455261e+02   3.041037e+01   1.472328e-01   3.533985e-01   1.173504e-01   5.190318e-01   3.602760e+00   1.944462e-01   5.757154e-02   3.855687e-01   2.216035e-01   9.443774e-01
 5.427700e-02   1.886465e+00  -2.149660e+00   4.225708e-01   4.181465e-02  -4.295176e+00   4.798365e+01   4.680815e-01   6.062446e-02   5.864213e+01   7.513341e+02   2.973434e+01   1.367267e-01   3.055735e-01   1.039919e-01   3.459963e-01   4.981670e+00   2.510020e-01   8.783364e-02   2.914850e-01   3.804451e-01   9.827855e-01
 5.241600e-02   1.817899e+00  -2.117367e+00   4.087064e-01   4.038881e-02  -4.301030e+00   6.511283e+01   6.092394e-01   4.881575e-02   5.025250e+01   6.138784e+02   4.436186e+01   1.362504e-01   3.266325e-01   1.070523e-01   4.950244e-01   1.000000e-01   2.431525e-01   9.202339e-02   3.013111e-01   3.822947e-01   9.555391e-01
 5.201000e-02   1.768561e+00  -2.117197e+00   4.047615e-01   4.298313e-02  -4.301030e+00   1.674956e+01   5.326146e-01   1.822495e-02   5.144230e+01   8.016163e+02   2.610159e+01   1.221681e-01   2.829843e-01   6.641463e-02   4.079918e-01   3.815546e+00   2.252341e-01   5.402150e-02   3.410155e-01   2.931824e-01   9.479919e-01
 5.436800e-02   1.768346e+00  -2.161625e+00   4.065058e-01   4.357036e-02  -4.301030e+00   8.457710e+01   3.285232e-01   4.937425e-02   4.495801e+01   7.141137e+02   4.285300e+01   1.971168e-01   3.401622e-01   1.021384e-01   4.293373e-01   4.698333e+00   2.893519e-01   7.345216e-02   3.889780e-01   3.231911e-01   9.915187e-01
 5.190900e-02   1.928443e+00  -2.096910e+00   4.140876e-01   4.217675e-02  -4.301030e+00   1.202138e+02   5.804273e-01   4.660549e-02   5.425548e+01   6.583772e+02   2.409649e+01   1.442868e-01   3.671820e-01   1.098396e-01   5.526974e-01   2.872152e+00   2.433424e-01   1.021046e-01   3.600447e-01   3.792533e-01   9.759798e-01
 5.203900e-02   1.810312e+00  -2.096910e+00   4.000000e-01   4.272894e-02  -4.301030e+00   6.845900e+01   4.498073e-01   3.745336e-02   5.104557e+01   6.480210e+02   2.379678e+01   1.010876e-01   3.266305e-01   9.415405e-02   4.653375e-01   2.923803e+00   2.632743e-01   5.368779e-02   3.086023e-01   3.346315e-01   9.645734e-01
 5.412600e-02   1.778268e+00  -2.158115e+00   4.227451e-01   4.593750e-02  -4.222264e+00   3.638126e+01   7.702385e-01   0.000000e+00   6.614591e+01   6.370225e+02   4.435849e+01   9.444928e-02   2.737026e-01   9.289781e-02   5.315034e-01   2.227517e+00   2.097057e-01   6.531064e-02   2.969440e-01   3.190329e-01   9.608745e-01
 5.185500e-02   1.841418e+00  -2.096910e+00   4.000000e-01   4.000000e-02  -4.301030e+00   4.193655e+01   3.630175e-01   2.091719e-02   5.206280e+01   6.221976e+02   4.001000e+01   1.322118e-01   2.880270e-01   4.452849e-02   4.554632e-01   6.075428e+00   2.591805e-01   9.781481e-02   3.487162e-01   3.595089e-01   9.673743e-01
 5.353600e-02   1.851035e+00  -2.193270e+00   4.000000e-01   4.122601e-02  -4.301030e+00   5.076992e+01   5.733071e-01   9.281709e-02   6.006549e+01   9.461931e+02   3.441233e+01   1.392495e-01   1.945460e-01   9.405617e-02   3.529473e-01   4.218395e+00   2.548519e-01   7.969629e-02   2.797543e-01   3.266410e-01   9.504108e-01
 5.530500e-02   1.961527e+00  -2.161190e+00   4.121802e-01   4.589645e-02  -4.301030e+00   8.673350e+01   2.975997e-01   2.126111e-01   7.500000e+01   7.236968e+02   1.730799e+01   1.162006e-01   2.462997e-01   1.218078e-01   5.265132e-01   2.270981e+00   2.971647e-01   7.575072e-02   2.114269e-01   2.963742e-01   9.961938e-01
 5.227900e-02   1.747334e+00  -2.180330e+00   4.000000e-01   4.000000e-02  -4.301030e+00   1.000000e+01   4.332579e-01   0.000000e+00   5.462223e+01   7.031618e+02   5.320500e+01   1.360401e-01   2.413019e-01   1.815318e-02   4.607297e-01   6.548102e+00   1.877751e-01   5.820980e-02   2.434785e-01   3.700175e-01   9.620899e-01
 5.326500e-02   1.809808e+00  -2.096910e+00   4.124515e-01   4.493436e-02  -4.226861e+00   1.564960e+01   3.024315e-01   0.000000e+00   6.767733e+01   9.214190e+02   3.976876e+01   1.668183e-01   2.923158e-01   5.594235e-02   2.785709e-01   5.354110e+00   2.625074e-01   7.773471e-02   3.126161e-01   2.365958e-01   9.605746e-01
 5.351600e-02   1.881823e+00  -2.096910e+00   4.122822e-01   4.000000e-02  -4.216283e+00   2.029035e+02   5.003944e-01   5.925781e-02   4.543700e+01   5.202803e+02   3.571576e+01   1.229918e-01   2.831060e-01   7.419771e-02   5.186448e-01   3.535789e+00   2.101747e-01   5.000000e-02   2.469361e-01   3.333485e-01   9.651672e-01
 5.327400e-02   1.902090e+00  -2.173884e+00   4.126819e-01   4.140192e-02  -4.301030e+00   2.696978e+01   2.325062e-01   0.000000e+00   5.360006e+01   8.806182e+02   7.818795e+01   1.359253e-01   3.715376e-01   4.566262e-02   3.641881e-01   6.986799e+00   2.642315e-01   6.562863e-02   3.073110e-01   2.206287e-01   9.367120e-01
 5.304800e-02   1.796056e+00  -2.096910e+00   4.265012e-01   4.163294e-02  -4.301030e+00   1.108852e+02   4.852444e-01   3.742488e-02   6.643029e+01   6.766278e+02   4.955759e+01   1.371931e-01   2.544488e-01   1.099609e-01   4.360554e-01   1.848514e+00   2.637955e-01   5.000000e-02   3.336466e-01   2.739457e-01   9.134771e-01
 5.214400e-02   1.992099e+00  -2.120366e+00   4.058501e-01   4.443484e-02  -4.301030e+00   1.679524e+01   3.165167e-01   2.660174e-02   4.683640e+01   7.241566e+02   3.520986e+01   1.649152e-01   3.286305e-01   7.977774e-02   3.869036e-01   4.916040e+00   2.454090e-01   7.643925e-02   3.080009e-01   3.410374e-01   9.633996e-01
 5.561700e-02   1.792324e+00  -2.250024e+00   4.000000e-01   4.071073e-02  -4.227482e+00   9.464115e+01   4.589986e-01   7.864818e-02   4.019752e+01   6.294570e+02   2.460828e+01   1.613779e-01   3.625127e-01   1.206642e-01   5.239705e-01   2.176398e+00   2.692705e-01   6.690583e-02   3.819340e-01   4.177206e-01   9.828472e-01
 5.321200e-02   1.971143e+00  -2.179915e+00   4.186584e-01   4.000000e-02  -4.301030e+00   8.202022e+01   3.240086e-01   1.840818e-02   3.577938e+01   8.617305e+02   2.937846e+01   1.753643e-01   3.753403e-01   4.368361e-02   5.947953e-01   5.685861e+00   2.714971e-01   9.718030e-02   3.071279e-01   2.356960e-01   9.700501e-01
 5.577000e-02   1.851113e+00  -2.263627e+00   4.247817e-01   4.355621e-02  -4.226980e+00   7.762687e+01   4.656894e-01   4.399023e-02   5.785045e+01   7.289835e+02   3.819479e+01   1.231593e-01   3.348484e-01   6.294219e-02   4.957941e-01   1.879366e+00   2.368623e-01   7.755130e-02   2.878453e-01   3.555577e-01   9.609868e-01
 5.308700e-02   1.825385e+00  -2.201294e+00   4.110891e-01   4.311697e-02  -4.301030e+00   2.492264e+02   2.399679e-01   6.274688e-02   2.055954e+01   6.777755e+02   4.644439e+01   1.149792e-01   2.221202e-01   6.469839e-02   4.780749e-01   6.835619e+00   2.493028e-01   7.017123e-02   3.742997e-01   3.238321e-01   1.000000e+00
 6.154900e-02   1.878061e+00  -2.229673e+00   4.561413e-01   4.230403e-02  -4.020224e+00   1.601894e+02   6.074645e-01   1.646859e-02   7.500000e+01   6.141544e+02   6.115995e+01   1.454610e-01   7.788724e-02   1.130931e-01   5.600395e-01   1.397816e+00   2.226283e-01   1.086918e-01   3.098018e-01   3.861667e-01   1.000000e+00
 5.292200e-02   1.972172e+00  -2.114257e+00   4.198212e-01   4.229795e-02  -4.301030e+00   1.276132e+02   4.569350e-01   1.215248e-01   3.486551e+01   7.727673e+02   3.124980e+01   1.963787e-01   3.856677e-01   8.368329e-02   3.242849e-01   6.043959e+00   2.510733e-01   7.176067e-02   3.843404e-01   1.894388e-01   9.739185e-01
 5.263400e-02   1.832544e+00  -2.096910e+00   4.012734e-01   4.333886e-02  -4.301030e+00   1.747872e+02   4.400783e-01   1.215325e-01   2.226180e+01   6.793733e+02   3.792933e+01   1.548825e-01   3.805785e-01   6.495679e-02   3.967658e-01   6.271834e+00   2.746207e-01   1.087041e-01   3.651999e-01   2.858579e-01   9.851511e-01
 5.295600e-02   2.000000e+00  -2.181620e+00   4.007315e-01   4.276470e-02  -4.301030e+00   7.093923e+01   4.173413e-01   4.069364e-02   3.172732e+01   7.596824e+02   2.306483e+01   1.728759e-01   3.282937e-01   6.374180e-02   5.256599e-01   5.481607e+00   2.870895e-01   1.392591e-01   3.103467e-01   3.442609e-01   9.669553e-01
 5.426200e-02   1.946444e+00  -2.166578e+00   4.000000e-01   4.735972e-02  -4.301030e+00   1.000000e+01   6.254502e-01   9.190813e-02   4.512670e+01   5.822732e+02   4.213210e+01   1.104805e-01   2.531515e-01   1.135268e-01   3.842106e-01   3.326629e+00   3.000000e-01   1.412483e-01   3.892076e-01   2.358039e-01   9.675032e-01
 5.245700e-02   1.879648e+00  -2.133649e+00   4.022206e-01   4.143337e-02  -4.301030e+00   4.894048e+01   3.582420e-01   5.374702e-02   5.087958e+01   9.155341e+02   3.027353e+01   1.548607e-01   3.318670e-01   3.898123e-02   4.107784e-01   5.422081e+00   2.562268e-01   5.815364e-02   3.738053e-01   2.586485e-01   9.559561e-01
 5.257500e-02   1.817849e+00  -2.154489e+00   4.000000e-01   4.227571e-02  -4.301030e+00   6.947151e+01   4.874042e-01   2.410980e-02   3.962227e+01   8.765113e+02   2.594557e+01   1.496035e-01   3.406463e-01   4.834321e-02   5.000864e-01   4.627659e+00   2.568890e-01   7.138959e-02   3.155154e-01   2.852051e-01   9.832063e-01
 5.288900e-02   1.948818e+00  -2.192789e+00   4.000000e-01   5.330359e-02  -4.301030e+00   9.688670e+01   8.700640e-02   1.819335e-01   3.137295e+01   6.129676e+02   1.000000e+01   1.464629e-01   2.754559e-01   2.988766e-02   4.073176e-01   4.758416e+00   2.163662e-01   1.242423e-01   2.801924e-01   4.522103e-01   1.000000e+00
 5.298200e-02   1.876637e+00  -2.240947e+00   4.017565e-01   4.295928e-02  -4.301030e+00   1.279170e+02   6.705587e-01   7.817893e-03   4.411575e+01   6.734154e+02   3.545317e+01   1.307033e-01   3.539774e-01   1.198849e-01   5.141623e-01   1.150262e+00   2.237900e-01   7.023006e-02   2.793067e-01   3.799919e-01   9.835584e-01
 5.205600e-02   1.943770e+00  -2.151771e+00   4.087432e-01   4.598124e-02  -4.301030e+00   8.729255e+01   2.384030e-01   3.629784e-02   5.292107e+01   8.233251e+02   3.583932e+01   1.359233e-01   3.572673e-01   6.725868e-02   4.415736e-01   5.152925e+00   2.567413e-01   5.277773e-02   3.943733e-01   3.212704e-01   9.546851e-01
 5.464700e-02   1.806731e+00  -2.176415e+00   4.110640e-01   4.031662e-02  -4.218939e+00   1.217072e+02   5.994352e-01   5.465997e-02   5.760264e+01   5.057144e+02   2.057958e+01   1.031530e-01   1.632437e-01   1.203893e-01   6.000000e-01   1.845171e+00   2.804759e-01   8.998521e-02   2.994512e-01   1.401959e-01   9.918249e-01
 5.746100e-02   1.711638e+00  -2.096910e+00   4.212913e-01   4.440465e-02  -4.301030e+00   3.346027e+01   2.414095e-01   4.902300e-02   5.334841e+01   9.557284e+02   4.932993e+01   1.344511e-01   3.453449e-01   6.545971e-02   4.004348e-01   4.945133e+00   2.865496e-01   1.267876e-01   3.417095e-01   3.180523e-01   9.815781e-01
 5.528300e-02   1.842974e+00  -2.122374e+00   4.216648e-01   4.810075e-02  -4.200659e+00   1.161543e+02   3.144131e-01   1.641130e-01   6.423848e+01   7.639565e+02   5.276114e+01   1.025420e-01   3.404846e-01   1.161159e-01   3.552884e-01   3.913023e+00   2.392532e-01   5.189492e-02   2.909597e-01   3.199449e-01   9.412273e-01
 5.310800e-02   1.966422e+00  -2.096910e+00   4.262449e-01   4.160948e-02  -4.301030e+00   1.784190e+02   6.162845e-01   1.272179e-01   3.684392e+01   9.438036e+02   2.935875e+01   1.612482e-01   3.384933e-01   6.279016e-02   2.718789e-01   6.447564e+00   1.720345e-01   1.285212e-01   3.415379e-01   1.700144e-01   9.916964e-01
 5.325900e-02   1.874967e+00  -2.257189e+00   4.050956e-01   4.080331e-02  -4.301030e+00   1.513318e+02   4.811073e-01   3.796388e-02   3.837261e+01   8.140991e+02   5.279281e+01   1.436503e-01   2.726028e-01   9.496838e-02   3.978134e-01   3.857584e+00   2.475382e-01   8.928968e-02   3.539422e-01   3.348888e-01   9.747710e-01
 5.378500e-02   1.954815e+00  -2.172457e+00   4.215900e-01   4.643376e-02  -4.273709e+00   1.633288e+02   5.971845e-01   0.000000e+00   5.648723e+01   7.527016e+02   3.736396e+01   1.497478e-01   3.380124e-01   5.897485e-02   3.453697e-01   2.153300e+00   2.988957e-01   5.703486e-02   2.956708e-01   2.087491e-01   9.309223e-01
 5.343600e-02   1.893669e+00  -2.111546e+00   4.227798e-01   4.509206e-02  -4.301030e+00   1.252740e+02   8.794628e-02   0.000000e+00   5.115506e+01   8.065148e+02   4.972809e+01   1.359999e-01   3.511478e-01   8.278148e-02   4.605071e-01   7.045708e+00   2.506531e-01   1.412797e-01   3.479603e-01   3.797598e-01   9.786129e-01
 5.339300e-02   1.799419e+00  -2.108681e+00   4.002933e-01   4.094378e-02  -4.240499e+00   9.151213e+01   4.692753e-01   1.338637e-01   4.703946e+01   6.520746e+02   3.113806e+01   1.306445e-01   3.376380e-01   1.139111e-01   6.000000e-01   2.581544e+00   2.264213e-01   8.857566e-02   3.457453e-01   4.117463e-01   9.796722e-01
 5.218500e-02   1.896197e+00  -2.123312e+00   4.027410e-01   4.112364e-02  -4.278984e+00   3.815695e+01   3.738590e-01   4.615377e-02   4.780155e+01   7.507141e+02   4.709263e+01   1.617129e-01   2.850737e-01   3.935804e-02   4.463055e-01   6.829959e+00   2.558471e-01   7.392169e-02   3.362433e-01   3.946160e-01   9.561614e-01
 5.240200e-02   1.955367e+00  -2.126745e+00   4.100784e-01   4.113543e-02  -4.262242e+00   7.013369e+01   3.672753e-01   2.194639e-02   4.671044e+01   7.694810e+02   3.982475e+01   1.539199e-01   3.381968e-01   5.630204e-02   4.461764e-01   4.583155e+00   2.525975e-01   9.365691e-02   3.226842e-01   3.360463e-01   9.784908e-01
 5.523900e-02   1.872087e+00  -2.105329e+00   4.138619e-01   4.068484e-02  -4.051267e+00   1.155777e+02   4.898581e-01   5.587147e-02   3.958904e+01   5.725699e+02   3.395084e+01   1.401082e-01   3.428647e-01   9.272127e-02   5.201213e-01   2.503358e+00   2.799853e-01   7.464860e-02   3.192313e-01   3.486657e-01   9.773925e-01
 5.484100e-02   1.721874e+00  -2.140119e+00   4.462333e-01   4.287921e-02  -4.301030e+00   5.713806e+01   3.145235e-01   2.484727e-02   5.716756e+01   8.510082e+02   4.611982e+01   1.509940e-01   3.764195e-01   7.591795e-02   4.280797e-01   2.632319e+00   1.956865e-01   5.000000e-02   2.866931e-01   1.773438e-01   9.483544e-01
 5.197200e-02   1.854898e+00  -2.096910e+00   4.000000e-01   4.284590e-02  -4.301030e+00   2.493229e+01   1.635920e-01   1.634423e-02   6.688826e+01   8.892091e+02   3.860011e+01   1.352128e-01   3.131195e-01   5.152059e-02   3.556712e-01   6.415257e+00   2.718081e-01   5.754276e-02   3.207382e-01   3.436195e-01   9.424960e-01
 5.274500e-02   1.857686e+00  -2.096910e+00   4.153949e-01   5.202117e-02  -4.301030e+00   8.678607e+01   3.624818e-01   1.026914e-02   6.719444e+01   5.963122e+02   3.912715e+01   1.441783e-01   2.545849e-01   5.242028e-02   3.731246e-01   3.740875e+00   2.814008e-01   6.581139e-02   2.798205e-01   3.077266e-01   1.000000e+00
 5.442600e-02   1.981184e+00  -2.128903e+00   4.000000e-01   4.272015e-02  -4.208773e+00   9.912482e+01   3.804451e-01   7.917156e-02   5.308625e+01   8.681647e+02   2.726439e+01   1.897702e-01   3.810655e-01   5.756558e-02   4.818255e-01   4.923688e+00   2.926835e-01   8.871555e-02   3.415712e-01   2.667871e-01   9.568543e-01
 5.266700e-02   1.823984e+00  -2.154415e+00   4.054680e-01   4.126494e-02  -4.301030e+00   4.895820e+01   2.558391e-01   7.410014e-02   4.671976e+01   7.899595e+02   2.685629e+01   1.364850e-01   3.136978e-01   2.788959e-02   4.370607e-01   6.548634e+00   2.290713e-01   5.000000e-02   2.900408e-01   3.143497e-01   9.617098e-01
 5.297600e-02   1.914919e+00  -2.103555e+00   4.033738e-01   4.014966e-02  -4.198103e+00   1.007776e+02   4.494565e-01   0.000000e+00   4.317990e+01   6.314640e+02   3.095318e+01   1.509208e-01   2.681082e-01   8.533703e-02   4.547704e-01   4.286148e+00   2.455430e-01   8.566337e-02   2.894617e-01   3.884481e-01   9.840733e-01
 5.212000e-02   1.805528e+00  -2.106073e+00   4.075897e-01   4.228282e-02  -4.301030e+00   1.759449e+01   2.567863e-01   2.362746e-02   6.288966e+01   8.487094e+02   3.374392e+01   1.186648e-01   3.352934e-01   4.964359e-02   4.199577e-01   6.256504e+00   2.699155e-01   5.632818e-02   3.257832e-01   3.236600e-01   9.408256e-01
 5.445300e-02   1.924188e+00  -2.096910e+00   4.285212e-01   4.419628e-02  -4.173754e+00   1.000000e+01   3.624328e-01   1.765995e-02   4.578044e+01   7.759202e+02   2.226840e+01   8.346177e-02   3.121266e-01   8.539161e-02   2.265110e-01   4.321704e+00   2.467256e-01   8.915262e-02   2.773420e-01   1.854482e-01   9.640211e-01
 5.661000e-02   1.744284e+00  -2.096910e+00   4.379910e-01   4.563597e-02  -4.099459e+00   3.867943e+02   4.345523e-01   5.352461e-02   7.500000e+01   6.811475e+02   1.367941e+01   1.110924e-01   2.057709e-01   1.500000e-01   5.280763e-01   4.138072e+00   2.797940e-01   7.690583e-02   3.476943e-01   1.206723e-01   8.812583e-01
 5.574800e-02   1.962067e+00  -2.096910e+00   4.646457e-01   4.244567e-02  -4.301030e+00   6.187521e+01   3.559403e-01   0.000000e+00   6.071618e+01   7.413587e+02   3.162061e+01   1.468801e-01   1.811852e-01   1.053654e-01   3.843930e-01   5.728126e+00   2.548816e-01   8.141194e-02   1.981048e-01   2.274250e-01   9.717341e-01
 5.737200e-02   1.778904e+00  -2.164915e+00   4.214196e-01   5.126945e-02  -4.125397e+00   2.334449e+02   6.414905e-01   8.896092e-02   4.450150e+01   7.129569e+02   4.995392e+01   1.144791e-01   2.575057e-01   5.179542e-02   3.647077e-01   8.000000e+00   2.254523e-01   1.200417e-01   3.410532e-01   2.374188e-01   9.978145e-01
 5.176000e-02   1.881905e+00  -2.127088e+00   4.000000e-01   4.329090e-02  -4.301030e+00   1.221911e+02   4.212355e-01   7.359605e-03   5.073758e+01   8.191769e+02   3.842219e+01   1.818965e-01   3.378739e-01   4.923579e-02   4.543554e-01   5.499277e+00   2.752736e-01   8.347062e-02   3.531587e-01   3.489429e-01   9.779555e-01
 5.331700e-02   1.912204e+00  -2.179732e+00   4.225464e-01   4.463069e-02  -4.301030e+00   1.258786e+02   4.330774e-01   3.231126e-02   5.334855e+01   7.021149e+02   4.974309e+01   1.480609e-01   2.774387e-01   7.355064e-02   5.391268e-01   6.111701e+00   2.471650e-01   7.842493e-02   2.815110e-01   2.258616e-01   9.736865e-01
 5.354700e-02   1.861372e+00  -2.121080e+00   4.000000e-01   4.554083e-02  -4.301030e+00   1.455288e+02   3.186262e-01   1.976638e-01   4.334221e+01   9.084942e+02   5.078633e+01   1.663662e-01   3.255267e-01   7.380995e-02   4.286876e-01   7.165307e+00   2.048114e-01   1.207081e-01   3.478596e-01   2.494791e-01   1.000000e+00
 5.437500e-02   1.901483e+00  -2.168094e+00   4.128941e-01   4.250556e-02  -4.301030e+00   4.624393e+01   4.865221e-01   1.098217e-01   4.564759e+01   8.440408e+02   2.439793e+01   1.432016e-01   3.204693e-01   1.101466e-01   4.294541e-01   2.908815e+00   3.000000e-01   7.120131e-02   3.222408e-01   2.487537e-01   9.953541e-01
 5.172000e-02   1.861146e+00  -2.096910e+00   4.106196e-01   4.102594e-02  -4.301030e+00   1.126185e+02   6.341787e-01   1.600043e-02   5.271670e+01   5.738283e+02   2.828337e+01   1.345627e-01   3.228311e-01   1.117106e-01   5.569851e-01   1.013276e+00   2.515449e-01   8.352685e-02   3.032447e-01   3.620462e-01   9.839252e-01
 5.406700e-02   1.935024e+00  -2.102396e+00   4.050735e-01   4.087628e-02  -4.178441e+00   7.095911e+01   3.461520e-01   1.110282e-01   3.758372e+01   8.846107e+02   4.934491e+01   1.809516e-01   3.424961e-01   8.938950e-02   4.252362e-01   6.597249e+00   2.797198e-01   1.043455e-01   3.937890e-01   3.148422e-01   9.886709e-01
 5.390400e-02   1.780217e+00  -2.096910e+00   4.307973e-01   4.224439e-02  -4.301030e+00   5.985162e+01   5.591499e-01   3.834425e-02   5.101719e+01   8.261756e+02   4.354677e+01   1.637003e-01   2.520531e-01   8.706654e-02   2.974507e-01   5.227650e+00   2.532698e-01   8.436698e-02   2.985188e-01   1.716597e-01   9.607249e-01
 5.223400e-02   1.919926e+00  -2.118303e+00   4.020066e-01   4.287116e-02  -4.301030e+00   1.684190e+02   5.037556e-01   2.661305e-02   4.228219e+01   7.065051e+02   5.321708e+01   1.519867e-01   3.825980e-01   2.922629e-02   4.898248e-01   5.203683e+00   2.793011e-01   9.338463e-02   3.320946e-01   2.906867e-01   9.698074e-01
 5.434500e-02   1.857210e+00  -2.133852e+00   4.195760e-01   4.000000e-02  -4.301030e+00   8.007318e+01   3.709501e-01   1.607243e-01   6.333565e+01   9.763299e+02   2.256491e+01   1.540639e-01   2.954814e-01   7.379280e-02   1.715289e-01   2.422270e+00   2.190713e-01   1.180543e-01   2.437838e-01   2.518439e-01   9.813810e-01
 5.221200e-02   1.801431e+00  -2.141658e+00   4.000000e-01   4.336737e-02  -4.301030e+00   6.323752e+01   2.985079e-01   0.000000e+00   4.551658e+01   7.955178e+02   3.579985e+01   1.302800e-01   3.231515e-01   8.897465e-02   3.367528e-01   5.450025e+00   2.681933e-01   7.485530e-02   3.747515e-01   3.304510e-01   9.789186e-01
 5.402100e-02   1.898105e+00  -2.119258e+00   4.013273e-01   5.131237e-02  -4.301030e+00   5.099253e+01   5.196755e-01   0.000000e+00   6.247168e+01   6.732056e+02   3.381660e+01   1.310008e-01   4.000000e-01   9.962623e-02   1.306255e-01   2.057181e+00   2.880113e-01   5.000000e-02   2.492247e-01   2.264381e-01   9.131648e-01
 5.181500e-02   1.873973e+00  -2.096910e+00   4.000000e-01   4.426920e-02  -4.276629e+00   8.097308e+01   4.441529e-01   2.852890e-02   4.717810e+01   6.162503e+02   2.467083e+01   1.444140e-01   2.900281e-01   8.833078e-02   4.792951e-01   4.182315e+00   2.538962e-01   7.458603e-02   2.672738e-01   4.433349e-01   9.632037e-01
 5.283200e-02   1.948937e+00  -2.158115e+00   4.000000e-01   4.195814e-02  -4.301030e+00   1.042125e+02   1.563263e-01   1.074533e-01   5.003890e+01   8.182814e+02   1.896183e+01   1.255462e-01   2.835363e-01   5.767034e-02   3.811534e-01   6.897657e+00   2.901016e-01   7.001519e-02   2.783671e-01   3.477360e-01   9.864343e-01
 5.304500e-02   1.970428e+00  -2.128923e+00   4.018775e-01   4.607907e-02  -4.301030e+00   2.833433e+02   4.989597e-01   2.088724e-01   4.753483e+01   6.119863e+02   3.480562e+01   9.343460e-02   3.313814e-01   5.233395e-02   3.999317e-01   2.478500e+00   2.324148e-01   9.847583e-02   3.125443e-01   3.813914e-01   9.682233e-01
 5.324800e-02   1.875985e+00  -2.121224e+00   4.170752e-01   4.408155e-02  -4.301030e+00   8.325289e+01   5.466661e-01   6.967086e-02   4.173632e+01   7.028085e+02   2.211193e+01   1.263533e-01   2.516849e-01   1.360550e-01   5.658245e-01   1.022029e+00   2.631371e-01   7.753494e-02   3.080200e-01   3.883381e-01   9.674935e-01
 5.253700e-02   1.906330e+00  -2.161149e+00   4.062799e-01   4.000000e-02  -4.301030e+00   2.516331e+01   5.080338e-01   0.000000e+00   4.462059e+01   6.687828e+02   5.350601e+01   1.656827e-01   3.980760e-01   3.406845e-02   5.430563e-01   5.108373e+00   2.811409e-01   9.218841e-02   3.995256e-01   2.574826e-01   9.549798e-01
 5.615900e-02   1.773550e+00  -2.142544e+00   4.230600e-01   4.429784e-02  -4.166813e+00   8.052173e+01   2.146561e-01   4.657619e-02   4.241265e+01   6.239538e+02   3.325708e+01   1.014747e-01   3.122952e-01   1.048062e-01   4.414867e-01   4.474007e+00   2.422967e-01   8.907445e-02   3.393481e-01   3.416096e-01   9.627412e-01
 5.251100e-02   1.912921e+00  -2.174664e+00   4.192921e-01   4.223962e-02  -4.301030e+00   7.552354e+01   3.626328e-01   0.000000e+00   6.652339e+01   8.709810e+02   3.678298e+01   1.351804e-01   2.593438e-01   6.375792e-02   3.696826e-01   6.222875e+00   2.521923e-01   7.112427e-02   3.459843e-01   3.683549e-01   9.388184e-01
 5.550500e-02   2.000000e+00  -2.130276e+00   4.075775e-01   5.016469e-02  -4.146950e+00   7.167364e+01   4.352336e-01   1.309578e-01   4.718958e+01   8.118918e+02   5.164568e+01   1.516276e-01   3.413741e-01   7.177743e-02   3.668020e-01   4.689264e+00   2.731308e-01   6.513884e-02   3.148220e-01   2.710454e-01   9.789503e-01
 5.240400e-02   1.785874e+00  -2.096910e+00   4.100990e-01   4.218617e-02  -4.301030e+00   4.278471e+01   2.370407e-01   5.039568e-02   6.270044e+01   9.377345e+02   3.940614e+01   1.554628e-01   3.438950e-01   5.123318e-02   3.677808e-01   5.572581e+00   2.165231e-01   7.326450e-02   2.565233e-01   3.922490e-01   9.716628e-01
 5.285200e-02   1.959959e+00  -2.096910e+00   4.130651e-01   4.229419e-02  -4.301030e+00   3.286603e+01   1.264766e-01   2.052325e-02   6.040921e+01   8.173734e+02   3.869498e+01   1.209452e-01   3.559397e-01   4.121585e-02   5.686996e-01   7.012140e+00   2.699340e-01   8.232507e-02   3.216521e-01   3.181806e-01   8.908696e-01
 5.282900e-02   1.758925e+00  -2.101754e+00   4.059602e-01   5.352733e-02  -4.301030e+00   2.863485e+02   1.903847e-01   5.027617e-02   5.125465e+01   3.370057e+02   3.603622e+01   7.283297e-02   2.103844e-01   1.223974e-01   5.141416e-01   5.619532e+00   2.781190e-01   6.086032e-02   3.601615e-01   2.675499e-01   9.569861e-01
 5.406500e-02   1.845613e+00  -2.096910e+00   4.361257e-01   4.495067e-02  -4.301030e+00   1.068306e+01   5.313833e-01   0.000000e+00   4.893192e+01   4.845936e+02   2.184959e+01   1.147765e-01   3.445769e-01   6.136412e-02   5.055619e-01   2.405188e+00   2.657624e-01   8.218874e-02   3.159804e-01   1.965501e-01   9.584353e-01
 5.188200e-02   1.862988e+00  -2.096910e+00   4.000000e-01   4.244394e-02  -4.301030e+00   1.000000e+01   4.416309e-01   5.342821e-02   5.243277e+01   7.048709e+02   2.706503e+01   1.253586e-01   3.044339e-01   6.032660e-02   4.243472e-01   4.272446e+00   2.024430e-01   6.169252e-02   3.482915e-01   3.120413e-01   9.664493e-01
 5.526800e-02   1.792308e+00  -2.147503e+00   4.022760e-01   4.073823e-02  -4.135865e+00   9.206554e+01   6.261034e-01   1.116190e-01   4.174407e+01   8.024165e+02   3.736008e+01   1.610579e-01   3.320520e-01   1.068682e-01   4.806057e-01   1.952187e+00   2.292316e-01   5.615413e-02   2.967576e-01   2.466836e-01   9.830213e-01
 5.328800e-02   1.810148e+00  -2.139130e+00   4.075955e-01   4.321751e-02  -4.225666e+00   2.157739e+01   6.207823e-01   3.623099e-02   6.196012e+01   7.337782e+02   4.736351e+01   1.368228e-01   3.454831e-01   4.650292e-02   7.252688e-02   5.847711e+00   2.361870e-01   8.065363e-02   3.341622e-01   3.450488e-01   9.425238e-01
 5.623600e-02   1.669706e+00  -2.096910e+00   4.051183e-01   4.898673e-02  -4.301030e+00   4.423323e+01   4.759829e-01   1.907418e-01   6.191869e+01   7.611197e+02   5.254086e+01   5.985532e-02   2.883228e-01   5.967493e-02   3.479778e-01   4.808695e+00   2.597237e-01   7.476531e-02   2.684906e-01   4.263791e-01   9.144690e-01
 5.238000e-02   1.990245e+00  -2.109324e+00   4.153526e-01   4.181211e-02  -4.301030e+00   6.433199e+01   4.147079e-01   3.719013e-02   2.125429e+01   9.646006e+02   4.423775e+01   1.655714e-01   3.538852e-01   5.034756e-02   5.517394e-01   8.000000e+00   3.000000e-01   5.000000e-02   3.642908e-01   2.514273e-01   9.809010e-01
 5.219500e-02   1.792606e+00  -2.096910e+00   4.102498e-01   4.192746e-02  -4.301030e+00   1.000000e+01   4.883404e-01   3.150113e-02   5.031205e+01   8.064509e+02   3.046428e+01   1.244527e-01   2.975088e-01   6.385985e-02   3.976819e-01   5.755885e+00   2.189678e-01   5.595177e-02   3.581444e-01   3.350394e-01   9.547622e-01
 5.259900e-02   1.928112e+00  -2.096910e+00   4.165939e-01   4.462730e-02  -4.301030e+00   7.242230e+01   2.077830e-01   2.371839e-02   5.984449e+01   8.248963e+02   1.670994e+01   1.390442e-01   3.493349e-01   6.721620e-02   2.715999e-01   7.332636e+00   3.000000e-01   8.385852e-02   2.604229e-01   3.514866e-01   9.824504e-01
 5.162500e-02   1.913391e+00  -2.099288e+00   4.000000e-01   4.235972e-02  -4.301030e+00   1.131089e+02   4.054035e-01   2.170874e-02   4.336147e+01   5.068701e+02   3.408894e+01   1.282047e-01   3.144940e-01   8.845034e-02   5.227411e-01   3.925923e+00   2.530057e-01   7.086254e-02   2.813532e-01   4.024738e-01   9.815476e-01
 5.362100e-02   1.829066e+00  -2.150502e+00   4.089286e-01   4.000000e-02  -4.251595e+00   1.012362e+02   4.590496e-01   4.526905e-02   6.385348e+01   7.307831e+02   4.090506e+01   1.383799e-01   2.448499e-01   1.591938e-02   4.081529e-01   6.415484e+00   2.111253e-01   9.611336e-02   2.717605e-01   2.345179e-01   9.665519e-01
 5.312200e-02   1.810574e+00  -2.171074e+00   4.000000e-01   4.000000e-02  -4.301030e+00   6.462845e+01   5.708988e-01   7.806097e-02   3.084167e+01   7.329918e+02   4.591684e+01   1.545877e-01   3.384471e-01   4.439419e-02   6.000000e-01   3.451195e+00   2.637300e-01   9.691264e-02   3.859824e-01   2.823043e-01   9.499479e-01
 5.303800e-02   1.757327e+00  -2.147082e+00   4.000000e-01   4.471825e-02  -4.301030e+00   8.084824e+01   2.696295e-01   6.103127e-03   5.870454e+01   6.634068e+02   2.526896e+01   1.205648e-01   2.880586e-01   8.079094e-02   4.297783e-01   2.715961e+00   2.590529e-01   9.428659e-02   3.605929e-01   4.112516e-01   9.723880e-01
 5.190400e-02   1.958483e+00  -2.099604e+00   4.135346e-01   4.077023e-02  -4.273585e+00   1.664625e+02   4.027004e-01   8.706974e-02   3.507568e+01   3.700276e+02   3.963925e+01   1.288026e-01   3.200018e-01   9.376220e-02   5.674234e-01   1.639576e+00   2.131337e-01   9.889786e-02   3.045028e-01   4.071183e-01   9.812965e-01
 5.693300e-02   1.926946e+00  -2.317668e+00   4.303435e-01   6.737381e-02  -4.301030e+00   1.177113e+02   6.224015e-01   0.000000e+00   6.584027e+01   8.381474e+02   2.549028e+01   1.474212e-01   2.513526e-01   1.387188e-01   3.072544e-01   2.568526e+00   1.097179e-01   8.143957e-02   3.349755e-01   2.149731e-01   1.000000e+00
 5.262200e-02   1.819246e+00  -2.096910e+00   4.000000e-01   4.622623e-02  -4.258074e+00   1.174454e+02   4.236189e-01   5.133867e-02   5.967879e+01   7.003509e+02   1.888190e+01   1.052446e-01   2.808918e-01   4.198236e-02   4.232667e-01   6.955123e+00   2.378976e-01   5.673780e-02   2.692745e-01   3.287459e-01   9.852161e-01
 5.316700e-02   1.938952e+00  -2.148481e+00   4.264468e-01   4.477020e-02  -4.274399e+00   2.066067e+02   4.679942e-01   3.437126e-02   4.743182e+01   7.411742e+02   2.709951e+01   9.154739e-02   2.982753e-01   8.156151e-02   4.963006e-01   4.435290e+00   2.631422e-01   7.944689e-02   2.794461e-01   3.228943e-01   9.553647e-01
 5.295800e-02   1.817707e+00  -2.126283e+00   4.253909e-01   4.420646e-02  -4.301030e+00   3.617850e+01   5.260307e-01   0.000000e+00   4.541459e+01   6.219532e+02   2.955927e+01   1.258324e-01   2.781144e-01   7.568380e-02   3.776646e-01   3.380762e+00   2.277132e-01   5.518784e-02   3.275679e-01   3.587793e-01   9.492738e-01
 5.417600e-02   1.801982e+00  -2.169002e+00   4.238576e-01   4.579069e-02  -4.301030e+00   2.064667e+02   3.072665e-01   7.003713e-02   5.647247e+01   8.288660e+02   2.486589e+01   9.837806e-02   2.862730e-01   1.251904e-01   5.856036e-01   3.107529e+00   2.641857e-01   6.581498e-02   2.932485e-01   2.700566e-01   1.000000e+00
 5.162900e-02   1.964785e+00  -2.117960e+00   4.088065e-01   4.671622e-02  -4.301030e+00   5.631815e+01   1.696899e-01   0.000000e+00   5.998731e+01   7.314923e+02   3.226689e+01   1.287966e-01   3.768783e-01   6.700342e-02   4.677189e-01   5.585847e+00   2.686244e-01   5.268813e-02   3.502110e-01   3.542720e-01   9.573506e-01
 5.537900e-02   1.911068e+00  -2.125553e+00   4.352504e-01   4.367977e-02  -4.119677e+00   1.665108e+02   7.862048e-01   0.000000e+00   5.506001e+01   3.690986e+02   3.714186e+01   1.284123e-01   2.559760e-01   1.103260e-01   4.217980e-01   2.067654e+00   2.518933e-01   9.273180e-02   2.783191e-01   2.329341e-01   9.690718e-01
 5.775600e-02   1.925319e+00  -2.223504e+00   4.016672e-01   4.025805e-02  -4.301030e+00   1.412293e+02   5.085426e-01   2.724688e-01   4.997325e+01   8.937998e+02   3.785966e+01   1.680834e-01   3.951446e-01   6.761638e-02   4.545485e-01   6.461487e+00   2.959415e-01   2.084721e-01   3.243482e-01   2.399175e-01   9.987345e-01
 5.359300e-02   1.868158e+00  -2.174108e+00   4.000000e-01   4.000000e-02  -4.301030e+00   1.638487e+01   3.697648e-01   6.812463e-02   4.279945e+01   8.729788e+02   2.851894e+01   1.844165e-01   3.557077e-01   8.008059e-02   5.638772e-01   5.010709e+00   3.000000e-01   9.303909e-02   3.279725e-01   2.641228e-01   9.850468e-01
 5.360300e-02   1.909515e+00  -2.248108e+00   4.071351e-01   4.192295e-02  -4.276761e+00   8.055593e+01   2.457789e-01   2.427747e-02   6.658325e+01   5.994450e+02   3.600288e+01   1.333042e-01   2.910729e-01   8.609331e-02   4.150772e-01   4.789044e+00   2.646394e-01   6.285967e-02   3.027774e-01   4.094570e-01   9.714982e-01
 5.843500e-02   1.706957e+00  -2.096910e+00   4.116104e-01   4.090686e-02  -3.825911e+00   7.449302e+01   1.761584e-01   0.000000e+00   6.848687e+01   7.521643e+02   5.404024e+01   1.285911e-01   2.451014e-01   7.550458e-02   4.261743e-01   5.031163e+00   2.273176e-01   1.027307e-01   2.284043e-01   3.883057e-01   8.955848e-01
 5.347800e-02   1.732903e+00  -2.160022e+00   4.000000e-01   4.000000e-02  -4.301030e+00   1.019206e+01   2.682440e-01   3.156012e-02   3.565533e+01   8.882315e+02   4.707933e+01   1.140424e-01   3.711930e-01   8.655404e-02   4.237435e-01   4.316774e+00   2.308469e-01   1.223275e-01   3.415692e-01   9.856571e-02   9.772895e-01
 5.434700e-02   1.760981e+00  -2.167926e+00   4.084667e-01   4.333947e-02  -4.224737e+00   6.961549e+01   3.903695e-01   5.354997e-02   2.792127e+01   6.640396e+02   2.621734e+01   1.185360e-01   3.484544e-01   8.010018e-02   3.380427e-01   2.107930e+00   2.521475e-01   6.846563e-02   3.312840e-01   3.280268e-01   9.739236e-01
 5.452300e-02   1.917245e+00  -2.228315e+00   4.181880e-01   4.235911e-02  -4.301030e+00   1.204953e+02   2.053406e-01   7.172987e-02   4.909033e+01   1.373370e+02   3.624264e+01   9.303216e-02   3.641469e-01   9.652433e-02   3.817048e-01   1.240449e+00   2.870717e-01   1.274637e-01   2.523468e-01   2.890427e-01   9.728570e-01
 5.458100e-02   1.840303e+00  -2.101101e+00   4.000000e-01   4.554910e-02  -4.227029e+00   2.530569e+01   5.072086e-01   1.153937e-01   5.742436e+01   8.230142e+02   2.505639e+01   1.504295e-01   2.683238e-01   7.143575e-02   2.820261e-01   4.515700e+00   2.374831e-01   8.305355e-02   3.069995e-01   3.092970e-01   8.837638e-01
 5.193800e-02   1.846174e+00  -2.096910e+00   4.038120e-01   4.225593e-02  -4.301030e+00   1.002143e+02   6.280929e-01   3.981508e-02   4.442728e+01   6.136042e+02   3.332822e+01   1.253288e-01   3.184895e-01   1.125754e-01   5.119535e-01   1.980469e+00   2.575391e-01   7.691293e-02   2.860997e-01   3.453161e-01   9.822023e-01
 5.156000e-02   1.997330e+00  -2.144435e+00   4.000000e-01   4.000000e-02  -4.301030e+00   9.310198e+01   7.679129e-02   7.479674e-02   6.673620e+01   7.311129e+02   2.652991e+01   1.346129e-01   3.154683e-01   9.201781e-02   2.685678e-01   4.800683e+00   2.162557e-01   1.027902e-01   3.179488e-01   4.243070e-01   9.889588e-01
 5.343600e-02   1.682031e+00  -2.096910e+00   4.180571e-01   4.631554e-02  -4.301030e+00   3.040286e+02   5.173214e-01   2.115658e-02   6.693693e+01   7.637529e+02   1.000000e+01   1.286478e-01   1.482071e-01   1.500000e-01   5.362304e-01   5.509237e+00   2.685739e-01   9.996351e-02   2.639865e-01   1.541990e-01   9.785114e-01
 5.348300e-02   1.895928e+00  -2.215294e+00   4.089671e-01   4.617346e-02  -4.301030e+00   1.435485e+02   4.500055e-01   8.537328e-02   2.999700e+01   8.469615e+02   3.272695e+01   1.438449e-01   3.339024e-01   3.954934e-02   3.628195e-01   7.197819e+00   1.933233e-01   1.278194e-01   3.286805e-01   3.397677e-01   9.455446e-01
 5.184200e-02   1.960471e+00  -2.142726e+00   4.000000e-01   4.905734e-02  -4.301030e+00   5.086532e+01   4.722493e-01   0.000000e+00   3.904295e+01   7.603919e+02   3.552445e+01   1.888757e-01   3.411770e-01   7.709446e-02   4.254672e-01   5.014329e+00   2.759154e-01   6.043527e-02   4.000000e-01   3.421396e-01   9.838985e-01
 5.677100e-02   1.814649e+00  -2.219412e+00   4.000000e-01   5.086681e-02  -4.290887e+00   1.969993e+02   9.012264e-01   2.182268e-01   5.267485e+01   6.467095e+02   4.540669e+01   9.313355e-02   1.925090e-01   8.020902e-02   3.849164e-01   1.046586e+00   2.754753e-01   1.214725e-01   3.052526e-01   2.893302e-01   9.743995e-01
 5.417800e-02   1.777469e+00  -2.251655e+00   4.000000e-01   4.612833e-02  -4.250063e+00   6.875242e+01   5.277449e-01   0.000000e+00   4.428861e+01   8.420626e+02   1.645348e+01   1.216390e-01   3.264863e-01   6.385490e-02   2.314322e-01   6.321623e+00   2.424650e-01   5.000000e-02   2.935184e-01   2.876044e-01   9.709416e-01
 5.300000e-02   1.941235e+00  -2.160170e+00   4.052084e-01   4.000000e-02  -4.301030e+00   4.611596e+01   3.608709e-01   9.289088e-02   3.332660e+01   8.404011e+02   2.336971e+01   1.853030e-01   3.729677e-01   7.495185e-02   4.641156e-01   6.795901e+00   2.491194e-01   8.635586e-02   3.299182e-01   2.668468e-01   9.773109e-01
 5.302500e-02   1.971783e+00  -2.116843e+00   4.261303e-01   4.115854e-02  -4.301030e+00   7.641627e+01   4.636623e-01   1.955975e-02   3.624595e+01   9.649404e+02   3.646819e+01   1.813356e-01   3.801744e-01   6.603744e-02   4.004574e-01   5.569068e+00   2.564574e-01   1.148637e-01   3.991665e-01   2.683998e-01   9.852706e-01
 5.266300e-02   1.727634e+00  -2.161252e+00   4.000000e-01   4.410728e-02  -4.301030e+00   8.628381e+01   6.003592e-01   4.255530e-06   4.403970e+01   7.799197e+02   4.805155e+01   1.667720e-01   2.676976e-01   1.103098e-01   5.775385e-01   5.741147e+00   1.802702e-01   1.282125e-01   3.603369e-01   3.635439e-01   9.866661e-01
 5.552600e-02   2.000000e+00  -2.244530e+00   4.299314e-01   4.773208e-02  -4.190899e+00   1.914311e+02   9.415884e-01   7.675732e-02   5.435176e+01   8.361704e+02   9.358109e+01   1.825649e-01   4.000000e-01   9.921786e-02   2.450901e-01   5.149150e+00   1.581870e-01   8.517148e-02   3.011775e-01   3.420384e-01   9.486226e-01
 5.255200e-02   1.914807e+00  -2.096910e+00   4.164684e-01   4.361887e-02  -4.301030e+00   8.217515e+01   3.547038e-01   6.226864e-02   5.349028e+01   8.299133e+02   4.648914e+01   1.600722e-01   3.419367e-01   9.239670e-02   4.408323e-01   3.385185e+00   2.754579e-01   7.567647e-02   3.150398e-01   3.221306e-01   9.699501e-01
 5.313100e-02   1.872771e+00  -2.130850e+00   4.000000e-01   4.656308e-02  -4.289765e+00   1.985655e+01   5.449397e-01   7.667866e-02   4.831903e+01   6.383423e+02   4.775422e+01   1.173334e-01   3.346673e-01   8.731089e-02   4.750632e-01   1.936321e+00   2.582792e-01   1.138207e-01   2.889485e-01   3.900963e-01   9.471143e-01
 5.273900e-02   1.875492e+00  -2.170137e+00   4.013841e-01   4.000000e-02  -4.301030e+00   1.000000e+01   5.134767e-01   2.754687e-02   5.083501e+01   6.196298e+02   3.472946e+01   1.410175e-01   3.173635e-01   9.983327e-02   5.665654e-01   1.762391e+00   2.646266e-01   6.660981e-02   3.242460e-01   2.982644e-01   9.943252e-01
 5.378200e-02   1.801201e+00  -2.096910e+00   4.000000e-01   4.743830e-02  -4.301030e+00   9.335567e+01   5.704926e-01   1.569887e-01   6.061425e+01   6.314766e+02   4.550395e+01   1.278679e-01   3.360735e-01   1.098321e-01   4.966361e-01   1.484902e+00   2.613633e-01   8.961081e-02   2.205187e-01   2.902284e-01   9.822529e-01
 5.234500e-02   1.803268e+00  -2.130536e+00   4.056782e-01   4.056555e-02  -4.301030e+00   7.097761e+01   5.122741e-01   3.679017e-04   3.527915e+01   7.468334e+02   6.257364e+01   1.693663e-01   2.986157e-01   8.900379e-02   3.094857e-01   6.047356e+00   2.605528e-01   1.033542e-01   3.980216e-01   2.436609e-01   9.501257e-01
 5.496800e-02   1.849087e+00  -2.109635e+00   4.000000e-01   5.014321e-02  -4.132845e+00   1.253044e+02   2.975029e-01   1.290541e-02   6.488139e+01   8.893684e+02   2.944593e+01   1.359839e-01   3.108834e-01   6.540211e-02   4.048624e-01   2.454774e+00   2.771833e-01   8.132089e-02   3.293500e-01   3.067945e-01   9.406042e-01
 5.202100e-02   1.816562e+00  -2.133840e+00   4.036261e-01   4.101334e-02  -4.301030e+00   1.720496e+01   4.817476e-01   0.000000e+00   6.798528e+01   7.200389e+02   4.546154e+01   1.436666e-01   2.795179e-01   4.108996e-02   4.748324e-01   5.474827e+00   2.003814e-01   5.164596e-02   2.733856e-01   3.608627e-01   9.623371e-01
 5.236800e-02   1.912062e+00  -2.108270e+00   4.196417e-01   4.956394e-02  -4.301030e+00   9.322715e+01   5.002964e-01   0.000000e+00   3.433757e+01   7.473598e+02   3.738043e+01   1.510291e-01   2.900484e-01   6.432319e-02   4.215241e-01   4.978295e+00   2.465224e-01   5.000000e-02   3.655324e-01   2.073075e-01   9.547202e-01
 5.305200e-02   1.836002e+00  -2.096910e+00   4.000000e-01   4.151161e-02  -4.255674e+00   3.673000e+01   4.236662e-01   1.396299e-01   5.625442e+01   7.915586e+02   5.100953e+01   1.193150e-01   2.372015e-01   3.614241e-02   4.260156e-01   6.269241e+00   2.208885e-01   7.315258e-02   2.862697e-01   3.772975e-01   9.630867e-01
 5.156200e-02   1.921140e+00  -2.096910e+00   4.135608e-01   4.032929e-02  -4.301030e+00   1.021573e+02   4.228666e-01   3.907917e-02   4.445081e+01   4.958954e+02   4.173877e+01   1.300049e-01   2.563259e-01   7.929020e-02   5.029074e-01   5.008992e+00   2.135972e-01   6.790272e-02   3.031397e-01   4.658389e-01   9.927393e-01
 5.347800e-02   2.000000e+00  -2.096910e+00   4.156364e-01   4.241108e-02  -4.301030e+00   1.000000e+01   4.130907e-01   2.028227e-01   1.531055e+01   8.194305e+02   6.131519e+01   1.410065e-01   3.289550e-01   9.059255e-03   4.619476e-01   4.205250e+00   2.486849e-01   5.000000e-02   3.513151e-01   3.497857e-01   9.560107e-01
 5.635700e-02   2.000000e+00  -2.153874e+00   4.281600e-01   5.295366e-02  -4.089372e+00   6.252552e+01   6.622806e-01   4.959300e-02   5.569739e+01   7.229585e+02   5.539790e+01   1.566962e-01   2.443331e-01   8.908247e-02   4.067918e-01   1.063525e+00   2.417075e-01   8.193816e-02   3.112546e-01   3.577529e-01   9.686611e-01
