Neigh1  Neigh2  Neigh3  Neigh4  Neigh5  Neigh6  Neigh7  Neigh8  Neigh9  Neigh10  Neigh11  Neigh12  Neigh13  Neigh14  Neigh15  Neigh16  Neigh17  Neigh18  Neigh19  Neigh20  Neigh21  Neigh22  Neigh23  Neigh24  Neigh25  Neigh26  Neigh27  Neigh28  Neigh29  Neigh30  Neigh31  Neigh32  Neigh33  Neigh34  Neigh35  Neigh36  Neigh37  Neigh38  Neigh39  Neigh40  Neigh41  Neigh42  Neigh43  Neigh44  Neigh45  Neigh46  Neigh47  Neigh48  Neigh49  Neigh50  Neigh51  Neigh52  Neigh53  Neigh54  Neigh55  Neigh56  Neigh57  Neigh58  Neigh59  Neigh60  Neigh61  Neigh62  Neigh63  Neigh64  Neigh65  Neigh66  Neigh67  Neigh68  Neigh69  Neigh70  Neigh71  Neigh72  Neigh73  Neigh74  Neigh75  Neigh76  Neigh77  Neigh78  Neigh79  Neigh80  Neigh81  Neigh82  Neigh83  Neigh84  Neigh85  Neigh86  Neigh87  Neigh88  Neigh89  Neigh90  Neigh91  Neigh92  Neigh93  Neigh94  Neigh95  Neigh96  Neigh97  Neigh98  Neigh99  Neigh100  Neigh101  Neigh102  Neigh103  Neigh104  Neigh105  Neigh106  Neigh107  Neigh108  Neigh109  Neigh110  Neigh111  Neigh112  Neigh113  Neigh114  Neigh115  Neigh116  Neigh117  Neigh118  Neigh119  Neigh120  Neigh121  Neigh122  Neigh123  Neigh124  Neigh125  Neigh126  Neigh127
Part1  1  2  7  18  22  24  32  40  45  46  49  53  61  62  67  70  71  81  84  92  99  101  104  112  116                                                                                                                                                                                                            
Part2  2  7  11  12  16  17  24  27  33  43  55  56  60  62  76  77  91  102  109  114  115  121  122  124  126                                                                                                                                                                                                            
Part3  2  3  6  7  11  14  19  26  28  34  39  43  49  55  65  74  75  79  80  84  99  100  106  115  116  125  126                                                                                                                                                                                                        
Part4  3  4  11  17  20  26  38  42  47  48  49  50  56  67  70  71  72  74  76  77  79  80  81  90  95  111  126                                                                                                                                                                                                        
Part5  5  9  14  19  29  30  35  47  52  75  78  81  85  93  94  99  100  101  106  116  120  122                                                                                                                                                                                                                  
Part6  1  6  9  16  20  24  28  34  41  54  55  67  80  102  103  113  114  115  117  121  123  124  126                                                                                                                                                                                                                
Part7  2  7  9  13  14  25  27  36  40  47  53  61  70  71  79  80  95  103  108  116  118  119                                                                                                                                                                                                                  
Part8  2  6  8  13  21  27  33  40  45  46  50  53  55  68  73  80  89  94  98  99  103  115  116  122  124                                                                                                                                                                                                            
Part9  1  3  5  8  9  15  17  19  25  28  32  35  39  40  50  53  64  66  67  68  70  73  84  89  91  98  112  113  115  116  124  126                                                                                                                                                                                              
Part10  1  3  6  9  10  30  34  37  39  42  52  60  61  64  76  77  78  82  95  97  105  106  118  127                                                                                                                                                                                                              
Part11  2  5  6  10  11  20  27  31  36  39  47  53  57  60  74  82  95  103  108  109  112  116  118  122  124                                                                                                                                                                                                            
Part12  5  9  10  12  17  30  31  34  40  45  50  62  70  80  107  112                                                                                                                                                                                                                              
Part13  6  7  8  11  13  16  22  26  30  34  37  43  47  49  55  70  73  82  88  89  92  96  113  125                                                                                                                                                                                                              
Part14  14  25  26  29  32  37  42  53  55  56  57  58  62  72  74  80  84  85  87  89  90  95  103  108  111  122                                                                                                                                                                                                          
Part15  3  8  10  11  13  15  23  47  51  53  61  64  65  66  70  77  79  81  83  84  85  86  87  92  93  94  109  115  124  126  127                                                                                                                                                                                                
Part16  16  17  19  24  25  26  35  48  51  52  62  77  82  85  86  104  110  115  119  121  122  126  127                                                                                                                                                                                                                
Part17  7  11  14  17  18  22  23  24  36  57  59  60  64  72  74  75  76  86  89  99  104  115  119  120  121  126                                                                                                                                                                                                          
Part18  1  2  5  9  14  16  17  18  33  40  43  44  57  58  69  75  79  85  88  104  106  110  112  115  116  123  125                                                                                                                                                                                                        
Part19  11  13  14  19  26  33  40  45  50  57  58  60  68  71  72  76  93  95  105  107  109  110  113  120  125  126                                                                                                                                                                                                          
Part20  1  11  20  22  23  24  29  35  41  48  50  53  56  62  71  72  74  78  79  93  103  112  115  117  121  122  126                                                                                                                                                                                                        
Part21  2  7  12  14  21  25  31  33  38  44  46  49  58  59  65  77  90  91  102  104  105  120  121  126                                                                                                                                                                                                              
Part22  10  14  22  31  38  41  43  52  53  56  62  69  72  74  81  84  85  89  92  94  112  113  125  127                                                                                                                                                                                                              
Part23  7  12  21  23  26  29  37  39  43  46  48  50  52  61  63  90  99  100  107  112                                                                                                                                                                                                                      
Part24  4  11  12  13  16  24  26  28  41  49  50  57  62  69  80  82  85  94  101  103  104  107  115  116  120  122                                                                                                                                                                                                          
Part25  9  11  25  29  30  38  44  52  61  68  70  73  83  85  86  87  96  102  106  107  112  113                                                                                                                                                                                                                  
Part26  5  17  24  26  31  38  44  45  49  56  65  66  68  73  76  78  80  87  90  103  112  113  124                                                                                                                                                                                                                
Part27  5  14  17  22  24  25  27  31  49  56  58  63  76  77  80  87  103  104  110  118  122                                                                                                                                                                                                                    
Part28  24  25  26  28  33  35  37  40  53  55  57  63  71  73  74  76  82  85  90  96  97  105  109  112  123  124  127                                                                                                                                                                                                        
Part29  9  13  29  41  43  47  48  61  67  71  72  75  110  115  127                                                                                                                                                                                                                                
Part30  2  3  12  18  20  21  30  31  35  37  55  57  80  83  97  106  117  119  121  123                                                                                                                                                                                                                      
Part31  8  13  18  26  29  30  31  35  40  50  53  55  60  61  62  64  73  83  88  96  99  102  104  111  121                                                                                                                                                                                                            
Part32  1  4  7  10  11  20  24  27  29  31  32  47  48  49  54  59  64  69  70  75  78  88  107  111  112  114  119  123                                                                                                                                                                                                      
Part33  1  3  12  16  17  22  30  33  38  45  46  49  51  57  63  73  76  88  105  110  118  119                                                                                                                                                                                                                  
Part34  3  5  8  11  12  23  28  31  34  36  41  49  50  56  59  60  64  66  77  81  87  96  103  111  122  125                                                                                                                                                                                                          
Part35  12  24  27  31  32  35  42  43  51  53  68  70  88  92  99  114  119  124                                                                                                                                                                                                                          
Part36  4  12  20  34  35  36  37  41  44  46  50  52  71  72  81  83  89  108  109  110  125                                                                                                                                                                                                                    
Part37  1  19  22  23  33  37  45  55  56  59  61  62  63  78  80  82  84  85  104  107  109  117  123  127                                                                                                                                                                                                              
Part38  1  11  12  18  21  22  23  38  44  56  62  63  67  83  84  85  88  90  92  93  94  104  113  114  119  122  124  125  127                                                                                                                                                                                                    
Part39  3  11  14  29  38  39  46  48  53  57  58  67  68  72  83  91  105  106  107  111  113                                                                                                                                                                                                                    
Part40  2  23  24  26  27  29  31  36  37  40  42  55  56  58  62  64  72  75  78  88  93  108  121  126                                                                                                                                                                                                              
Part41  10  11  16  20  21  23  27  28  34  37  41  45  46  55  62  71  72  77  84  87  91  94  99  101  108  110  113  122  126                                                                                                                                                                                                    
Part42  2  26  30  31  35  42  49  57  62  85  90  92  99  102  108  112  113  119                                                                                                                                                                                                                          
Part43  6  14  21  26  32  34  37  39  42  43  45  47  53  57  59  78  82  84  111  113  114  119  120                                                                                                                                                                                                                
Part44  6  7  11  40  41  44  48  49  50  65  76  77  80  89  92  94  101  111  115  121  126                                                                                                                                                                                                                    
Part45  1  3  5  6  21  23  27  33  35  37  40  42  45  49  52  59  62  67  70  77  80  86  88  95  103  114  117  120  122  125  127                                                                                                                                                                                                
Part46  1  8  16  23  24  25  26  35  40  46  47  54  65  66  72  84  85  97  98  99  108  119  120  123  127                                                                                                                                                                                                            
Part47  5  8  47  48  49  57  58  64  66  74  78  83  85  88  91  98  100  105  109  111  121  122  123  126                                                                                                                                                                                                              
Part48  5  13  15  24  37  44  48  55  56  70  73  74  78  80  81  83  86  94  95  98  115  119                                                                                                                                                                                                                  
Part49  6  10  15  20  23  28  29  37  38  40  49  52  61  66  68  71  82  87  91  108  111  122                                                                                                                                                                                                                  
Part50  7  33  37  39  40  50  54  55  60  69  71  78  83  87  88  92  94  108  111  114  119                                                                                                                                                                                                                    
Part51  1  8  11  15  16  25  27  29  30  34  37  38  39  41  42  43  45  49  51  56  63  64  78  81  85  90  91  92  94  102  103  113  124                                                                                                                                                                                            
Part52  2  5  22  35  36  41  48  52  57  67  69  74  77  82  87  89  111  125                                                                                                                                                                                                                          
Part53  1  4  5  6  7  8  9  10  11  13  19  20  31  32  40  44  53  55  56  63  65  74  75  77  82  84  87  90  91  95  105  114  118  119  121  124  125                                                                                                                                                                                    
Part54  8  9  10  12  23  35  46  54  59  67  68  69  91  92  95  97  98  109  113  120  123  126                                                                                                                                                                                                                  
Part55  1  7  16  19  20  21  26  42  44  45  47  48  50  55  62  67  68  75  76  78  87  96  97  100  107  109  112  119  122                                                                                                                                                                                                    
Part56  10  12  17  18  22  23  26  42  45  47  53  54  56  61  64  66  69  81  82  97  100  103  113  118  121                                                                                                                                                                                                            
Part57  4  6  7  9  14  21  24  25  32  33  34  46  57  61  70  74  80  82  108  111  112                                                                                                                                                                                                                    
Part58  15  18  20  25  32  34  37  39  40  43  48  50  56  57  58  74  78  81  82  85  106  111  122  123  126                                                                                                                                                                                                            
Part59  2  16  18  19  24  36  38  51  59  62  65  66  68  73  74  77  78  79  86  88  97  99  105  112  113  115  116  117  119  122  127                                                                                                                                                                                                
Part60  2  4  12  15  19  21  34  36  39  40  47  56  60  97  104  106  107  112  113  115                                                                                                                                                                                                                      
Part61  2  4  6  10  11  14  15  16  26  30  31  32  33  43  53  54  57  59  60  61  64  76  79  90  99  100  109  111  116  118                                                                                                                                                                                                  
Part62  2  4  7  8  13  14  18  20  28  29  30  32  41  46  47  49  53  56  62  64  67  68  69  71  76  83  85  87  100  125  127                                                                                                                                                                                                
Part63  2  3  5  7  9  11  28  35  36  43  63  66  69  72  76  81  82  86  89  102  104  108  111                                                                                                                                                                                                                
Part64  9  30  41  49  50  51  64  71  76  81  82  105  112  113  117  118                                                                                                                                                                                                                              
Part65  6  7  14  19  20  26  32  40  41  44  48  53  58  60  63  65  71  73  78  81  88  95  96  97  98  106  107  116  122  126  127                                                                                                                                                                                                
Part66  4  7  10  13  14  19  39  43  49  52  58  61  66  68  69  75  81  82  83  87  88  89  93  94  96  97  102  115  125  127                                                                                                                                                                                                  
Part67  22  30  34  43  57  58  66  67  69  70  74  78  79  88  89  94  104  106  118  123                                                                                                                                                                                                                      
Part68  12  13  15  26  28  42  45  58  64  68  72  73  79  95  96  104  118  120  122                                                                                                                                                                                                                        
Part69  5  6  16  18  19  29  36  43  52  64  66  67  69  74  75  98  100  113  116  119  120  124                                                                                                                                                                                                                  
Part70  9  12  14  20  22  41  42  49  53  62  64  66  70  94  99  117  118                                                                                                                                                                                                                            
Part71  6  10  13  14  21  33  39  69  70  71  74  75  76  93  94  95  97  121                                                                                                                                                                                                                          
Part72  3  7  10  16  26  28  29  30  31  37  38  56  64  66  67  72  77  86  90  91  126                                                                                                                                                                                                                    
Part73  4  7  9  12  14  16  20  31  33  48  51  66  70  73  75  76  78  88  94  97  100  104  108  117  121  124  126                                                                                                                                                                                                        
Part74  8  10  18  36  37  43  50  59  61  68  70  74  79  92  98  102  104  106  114  117  118  121  122  125  126                                                                                                                                                                                                            
Part75  4  9  10  22  25  28  36  53  55  58  60  65  71  75  76  82  86  93  99  102  108  109  118  125                                                                                                                                                                                                              
Part76  2  6  8  9  14  15  21  32  41  45  47  50  55  58  60  64  72  75  76  85  89  97  101  110  122  126                                                                                                                                                                                                          
Part77  9  16  19  23  28  30  35  39  48  52  56  64  65  70  74  77  81  83  99  119  120  122                                                                                                                                                                                                                  
Part78  1  3  9  27  33  42  54  55  61  67  68  70  72  76  78  84  95  102  109  111  112  114  118  124                                                                                                                                                                                                              
Part79  1  3  4  6  8  9  10  18  21  23  32  37  42  60  61  63  68  73  75  79  91  104  113  119  122  127                                                                                                                                                                                                          
Part80  1  4  6  10  17  25  31  34  45  52  59  62  69  72  76  80  87  88  97  100  106  108  109  114  118  119  120  125  126                                                                                                                                                                                                    
Part81  20  34  39  43  55  68  72  75  81  85  87  97  101  106  112  115                                                                                                                                                                                                                              
Part82  2  3  5  9  13  15  23  40  46  51  52  63  65  77  81  82  95  106  110  115  116  117  121  122  125                                                                                                                                                                                                            
Part83  3  5  6  7  10  28  36  38  39  50  53  60  61  64  71  83  87  91  94  99  102  105  111  112  121                                                                                                                                                                                                            
Part84  3  5  11  12  16  17  22  23  32  36  45  46  65  79  83  84  85  92  100  102  110  115  121  124                                                                                                                                                                                                              
Part85  3  5  23  33  37  40  44  54  61  72  74  77  78  79  82  83  85  95  97  102  105  112  119  120  121                                                                                                                                                                                                            
Part86  7  9  18  19  28  30  39  40  48  60  72  78  80  83  86  89  93  105  106  109  113  116  125                                                                                                                                                                                                                
Part87  1  2  3  10  20  35  37  55  63  64  78  87  91  93  104  118  120                                                                                                                                                                                                                            
Part88  2  7  10  13  16  20  22  34  42  44  52  54  58  59  62  65  67  69  76  81  88  92  98  107  121  124  126                                                                                                                                                                                                        
Part89  2  8  9  10  15  17  19  24  27  31  33  35  36  50  57  64  66  68  71  75  77  80  89  92  94  103  113  121  126                                                                                                                                                                                                    
Part90  1  4  8  10  16  22  23  24  41  45  47  53  62  66  76  80  84  90  105  106  115  121  126                                                                                                                                                                                                                
Part91  3  11  17  23  31  39  51  56  60  61  62  66  71  73  76  83  91  103  109  114  119  120  121  123  127                                                                                                                                                                                                            
Part92  1  3  13  14  24  25  30  31  37  39  50  53  57  58  64  68  69  82  84  86  92  96  108  109  124                                                                                                                                                                                                            
Part93  3  10  17  19  21  25  31  35  52  55  65  82  85  93  100  110  121  127                                                                                                                                                                                                                          
Part94  2  8  15  23  32  35  37  40  44  45  47  53  55  56  64  72  76  77  82  94  97  101  111  116  117                                                                                                                                                                                                            
Part95  9  11  12  20  21  22  24  25  33  34  37  39  45  46  47  50  54  57  80  86  87  90  92  95  98  99  103  109  112  114  120                                                                                                                                                                                                
Part96  7  12  13  16  42  45  46  70  81  83  89  96  114  125                                                                                                                                                                                                                                  
Part97  3  6  11  12  13  17  25  29  35  37  43  53  54  56  57  58  59  69  79  84  86  87  89  97  106  122  125                                                                                                                                                                                                        
Part98  1  9  12  14  16  25  37  39  44  49  59  60  82  85  86  92  98  101  108  112  115  122                                                                                                                                                                                                                  
Part99  4  5  12  13  20  22  27  37  42  43  44  46  50  69  71  73  91  96  99  100  101  106  116  122  123                                                                                                                                                                                                            
Part100  18  24  25  26  33  36  41  59  63  73  93  96  97  100  124  126                                                                                                                                                                                                                              
Part101  4  11  13  17  18  27  38  44  51  62  68  78  88  97  101  110  112  115  118  123                                                                                                                                                                                                                      
Part102  2  9  14  15  16  20  24  33  39  54  59  62  63  69  73  77  84  85  94  95  101  102  121                                                                                                                                                                                                                
Part103  10  17  28  29  30  35  38  52  55  67  71  77  81  85  93  100  103  118  124                                                                                                                                                                                                                        
Part104  5  6  7  14  17  30  32  34  38  42  49  53  65  69  78  79  88  99  101  102  104  112  120                                                                                                                                                                                                                
Part105  12  19  36  39  41  43  54  56  61  62  66  71  73  76  78  79  88  89  101  105  118                                                                                                                                                                                                                    
Part106  1  2  6  10  16  40  46  48  51  59  63  69  70  71  72  74  83  95  101  105  106  109  122  124  125  126                                                                                                                                                                                                          
Part107  1  22  25  32  37  46  48  51  63  70  74  94  98  102  103  107  119                                                                                                                                                                                                                            
Part108  5  6  9  25  28  36  38  44  50  65  66  69  72  79  83  89  105  108  117  122  124  127                                                                                                                                                                                                                  
Part109  6  7  10  12  13  14  15  17  39  41  49  51  77  87  89  99  100  104  105  107  109  116  117  119  125                                                                                                                                                                                                            
Part110  17  22  31  33  38  59  64  65  77  79  81  84  85  90  91  96  99  110  120  123  126                                                                                                                                                                                                                    
Part111  1  2  9  11  12  13  14  17  26  30  36  43  56  59  69  76  83  85  93  97  103  104  105  111  113  115                                                                                                                                                                                                          
Part112  1  10  14  22  27  30  32  33  38  40  45  54  57  60  64  67  81  87  88  105  112                                                                                                                                                                                                                    
Part113  9  14  25  27  29  32  38  39  40  44  55  57  62  66  72  81  87  88  90  106  108  113  117  123  124  125                                                                                                                                                                                                          
Part114  5  13  20  22  28  29  32  43  45  54  60  62  76  86  88  91  92  103  114  117  119                                                                                                                                                                                                                    
Part115  8  9  34  35  40  43  48  53  56  59  66  67  69  79  85  87  94  101  103  106  110  112  115                                                                                                                                                                                                                
Part116  1  6  20  25  32  34  36  37  39  40  43  46  47  50  58  74  80  86  87  89  100  102  104  106  111  115  116  124                                                                                                                                                                                                      
Part117  5  8  13  21  26  50  55  56  59  61  68  69  70  87  103  105  108  109  112  115  117  120  121  123                                                                                                                                                                                                              
Part118  20  32  55  80  98  102  106  116  118  124  127                                                                                                                                                                                                                                        
Part119  1  10  13  23  31  39  41  42  43  47  48  53  57  63  65  69  70  72  75  80  112  113  116  119                                                                                                                                                                                                              
Part120  16  26  28  29  30  37  43  45  50  51  53  56  61  67  73  78  92  100  109  113  120  121  123  124                                                                                                                                                                                                              
Part121  2  9  14  26  27  30  35  38  53  60  61  65  68  70  72  73  80  81  89  97  98  100  103  109  113  115  119  121  123                                                                                                                                                                                                    
Part122  2  5  38  39  65  66  72  74  77  84  88  89  91  101  103  105  120  122  123                                                                                                                                                                                                                        
Part123  3  4  8  23  27  41  49  52  60  68  77  82  92  93  99  101  102  111  119  122  123  126                                                                                                                                                                                                                  
Part124  6  12  17  23  24  25  32  42  54  58  76  77  78  81  82  84  87  90  93  97  105  108  115  119  124                                                                                                                                                                                                            
Part125  2  6  10  20  28  30  35  41  42  48  49  55  59  63  64  65  67  75  77  88  90  104  113  115  120  125                                                                                                                                                                                                          
Part126  13  20  25  34  35  45  49  53  57  80  88  89  95  111  118  122  125  126                                                                                                                                                                                                                          
Part127  2  5  13  16  21  23  24  28  29  36  41  46  64  67  68  70  74  77  82  87  89  91  93  97  104  106  108  118  120  127                                                                                                                                                                                                  
