Iter Part GoF SOIL__N SOIL__Alpha SOIL__ThetaSat SOIL__ThetaRes SOIL__LateralHydrConductivity SCALAR__SoilRoughness SCALAR__LSAI SCALAR__CanopyFraction SCALAR__DecayCoeffCanopy SCALAR__RootDepth SCALAR__MinStomatalRes SCALAR__VegReflectVis SCALAR__VegReflNIR SCALAR__VegTransVis SCALAR__VegTransNIR SCALAR__LeafAngles SCALAR__CanDensSurface SCALAR__SoilAlbVisDry SCALAR__SoilAlbNIRDry SCALAR__SoilAlbVisWet SCALAR__SoilAlbNIRWet SCALAR__SoilEmissiv SCALAR__CanopyMaxIter SOIL__NormalHydrConductivity_V_L0001 SOIL__NormalHydrConductivity_V_L0002 SOIL__NormalHydrConductivity_V_L0003 SOIL__NormalHydrConductivity_V_L0004 SOIL__NormalHydrConductivity_V_L0005 SOIL__NormalHydrConductivity_V_L0006 SOIL__NormalHydrConductivity_V_L0007 SOIL__NormalHydrConductivity_V_L0008 SOIL__NormalHydrConductivity_V_L0009 
1  1   4.0311289E-01   2.0190965E+00   8.0855148E-02   5.0894243E-01   6.0293696E-02   8.4222574E-01   1.4679825E+02   3.2038485E+00   6.6749216E-01   9.0566458E+01   1.1614998E+02   9.8432344E+01   1.1934430E-01   3.8871632E-01   2.6867216E-02   4.2820984E-01  -5.8141080E-02   8.1966386E+00   2.2550964E-01   2.1101187E-01   1.7321233E-01   2.3410957E-01   9.0027499E-01   3.6179777E+00   7.8591924E-01   2.4447984E-01   1.5163778E-01   2.2988110E-01   7.3644590E-01   6.4866998E-01   2.3678746E-01   9.1261498E-01   9.9617933E-01  
1  2   3.8897301E-01   1.8529299E+00   4.7712374E-02   5.7014625E-01   6.1405285E-02   4.6904339E-01   3.0565284E+02   4.6876591E+00   7.2138749E-01   2.4319393E+01   5.0276614E+01   4.0212541E+01   2.6705859E-01   8.9678398E-02   2.8565138E-02   4.7743968E-01  -3.0529294E-01   3.8970865E+00   1.1006519E-01   4.9403221E-01   1.6599882E-01   3.7325793E-01   1.0825102E+00   1.5649698E+00   6.7829249E-01   5.2918144E-01   5.0184651E-01   6.2825146E-01   9.2639766E-02   7.6772472E-01   9.8439701E-01   6.6366026E-02   1.5223066E-01  
1  3   3.9597980E-01   1.8202670E+00   1.3841168E-02   4.2764592E-01   6.5721163E-02   2.6957588E-01   2.7328915E+02   7.0314222E+00   2.2297902E-01   6.8289035E+01   4.8966394E+02   6.7093832E+01   1.9271354E-01   4.6128810E-01   3.1415779E-02   3.9975119E-01  -4.9471390E-01   3.3558559E+00   2.1674414E-01   1.2663241E-01   9.2290334E-02   3.6209007E-01   9.3039918E-01   3.2862333E+00   3.0855569E-01   6.8112468E-01   5.7157827E-01   2.3929917E-01   1.4397151E-01   5.2611341E-01   5.0791164E-02   2.1872774E-01   7.7417451E-02  
1  4   3.3241540E-01   1.6232172E+00   2.1551721E-02   6.6087733E-01   5.0132067E-02   7.9310903E-01   4.0452292E+02   1.6080680E+00   4.8460241E-02   4.0116236E+01   2.8564038E+02   8.4602900E+01   2.8202046E-01   2.5728046E-01   1.8584897E-02   1.7931612E-01  -6.9727848E-02   5.8781946E+00   9.4420820E-02   4.6022131E-01   1.6955418E-01   1.8909262E-01   9.2627975E-01   3.6424906E+00   6.7716380E-01   8.7968601E-01   6.6433242E-01   5.5226897E-01   3.7895402E-01   3.6810321E-02   4.9637149E-01   8.4319142E-01   5.5195367E-01  
2  1   1.5811388E-01   1.2000000E+00   1.0000000E-01   6.5974983E-01   5.0000000E-02   1.0000000E-03   3.3415935E+02   9.6697577E-01   1.0000000E+00   6.4395893E+01   2.8031197E+02   8.4327095E+01   2.7888065E-01   5.0000000E-02   1.0000000E-02   5.0000000E-02  -2.7311737E-01   1.0000000E-01   3.0000000E-01   5.0000000E-01   5.0000000E-02   5.0000000E-01   1.0176459E+00   1.0000000E+00   1.0000000E-03   1.0000000E-03   1.0000000E+00   1.0000000E-03   1.0000000E-03   1.0000000E+00   1.0000000E+00   1.0000000E-03   1.0000000E-03  
2  2   3.3941125E-01   2.5000000E+00   1.0000000E-05   4.0000000E-01   7.0000000E-02   1.0000000E+00   1.2912651E+02   3.7316722E+00   1.0000000E+00   1.6648410E+01   2.4959232E+02   7.2175952E+01   5.0000000E-02   5.0000000E-02   1.0000000E-02   5.0000000E-02  -1.0000000E+00   9.9080971E+00   3.0000000E-01   5.0000000E-01   5.0000000E-02   5.0000000E-01   8.0000000E-01   1.0000000E+00   1.0000000E+00   1.0000000E-03   6.7650923E-01   1.0000000E+00   1.0000000E+00   1.0000000E-03   1.0000000E-03   1.0000000E+00   1.0000000E+00  
2  3  NA   2.5000000E+00   1.0000000E-01   4.0000000E-01   5.0000000E-02   1.0000000E+00   6.8119505E+02   8.0000000E+00   1.0000000E+00   2.2248684E+01   4.1512537E+02   5.2876987E+01   5.0000000E-02   5.0000000E-02   2.0000000E-01   5.0000000E-02  -1.0000000E+00   9.3734442E+00   3.0000000E-01   5.0000000E-01   5.0000000E-02   5.0000000E-01   8.0000000E-01   4.0000000E+00   1.0000000E+00   1.0000000E+00   1.0000000E+00   1.0000000E-03   1.0000000E-03   1.0000000E+00   1.0000000E+00   1.0000000E-03   1.0000000E+00  
2  4   4.0311289E-01   1.9908572E+00   1.7455852E-02   5.6769719E-01   5.2260955E-02   8.2769986E-01   6.0934647E+02   5.7105314E+00   4.8987562E-01   6.8584240E+01   3.4525518E+02   7.9080376E+01   2.3558941E-01   3.7259962E-01   9.4690186E-02   4.0997381E-01  -6.4844797E-01   4.9219373E+00   1.7552374E-01   4.5592364E-01   1.5213297E-01   2.2115076E-01   9.6105308E-01   3.0169217E+00   7.0833747E-01   7.6251285E-01   4.6866546E-01   3.9351119E-01   2.5765925E-01   5.3569739E-01   7.7838005E-01   4.1283800E-01   6.1755862E-01  
3  1   3.1112698E-01   1.6688759E+00   6.3936231E-02   7.0000000E-01   5.7213475E-02   3.6131309E-01   4.6931181E+02   0.0000000E+00   6.3932624E-01   4.5517821E+01   3.9872981E+02   7.4152308E+01   3.0000000E-01   2.1230319E-01   7.8528014E-02   2.1230319E-01  -4.2818998E-01   3.6706702E+00   2.0983156E-01   3.3769681E-01   1.4016844E-01   3.3769681E-01   1.1023111E+00   2.0820213E+00   3.6131309E-01   3.6131309E-01   6.3968691E-01   3.6131309E-01   3.6131309E-01   7.2352182E-01   6.3968691E-01   3.6131309E-01   3.6131309E-01  
3  2   2.4083189E-01   2.5000000E+00   1.0000000E-05   7.0000000E-01   7.0000000E-02   1.0000000E-03   3.1086146E+01   2.7460465E+00   0.0000000E+00   1.5438727E+01   4.1779416E+02   9.9473896E+01   3.0000000E-01   5.0000000E-01   1.0000000E-02   5.0000000E-02  -1.0000000E+00   1.0000000E+01   5.0000000E-02   5.0000000E-01   5.0000000E-02   5.0000000E-01   1.3900000E+00   1.0000000E+00   1.0000000E+00   1.0000000E+00   1.0000000E-03   1.0000000E-03   1.0000000E+00   1.2665070E-02   1.0000000E-03   1.0000000E+00   1.0000000E-03  
3  3   7.2111026E-02   1.2000000E+00   1.0000000E-05   4.0000000E-01   7.0000000E-02   1.0000000E+00   7.9708222E+02   0.0000000E+00   0.0000000E+00   1.5398868E+01   2.9143616E+02   4.1692623E+01   3.0000000E-01   5.0000000E-01   1.0000000E-02   5.0000000E-02   0.0000000E+00   1.0000000E-01   3.0000000E-01   5.0000000E-02   5.0000000E-02   5.0000000E-01   1.3900000E+00   4.0000000E+00   1.0000000E-03   1.0000000E-03   1.0000000E-03   1.0000000E-03   1.0000000E+00   1.0000000E+00   1.0000000E-03   1.0000000E+00   1.0000000E-03  
3  4   4.3840620E-01   1.8570040E+00   1.0000000E-01   4.0000000E-01   5.0000000E-02   1.0000000E-03   7.2476106E+02   8.0000000E+00   1.0000000E+00   8.2241053E+01   3.7930747E+02   7.7088331E+01   5.0000000E-02   5.0000000E-02   1.0000000E-02   5.0000000E-01  -5.1657256E-01   2.2057678E+00   3.0000000E-01   5.0000000E-01   3.0000000E-01   5.0000000E-01   1.3900000E+00   3.8666662E+00   4.2754213E-01   1.0000000E+00   1.0000000E+00   1.0000000E-03   1.0000000E-03   1.0000000E-03   5.6254912E-01   1.0000000E+00   1.0000000E-03  
4  1   7.8102497E-02   1.2000000E+00   1.0000000E-05   5.3921181E-01   5.0000000E-02   1.0000000E+00   5.2467413E+02   1.8737423E-01   5.9462558E-01   3.7997842E+01   4.2762685E+02   7.1130484E+01   5.0000000E-02   3.4195231E-01   1.0000000E-02   5.0000000E-02  -9.6351211E-01   3.4798224E+00   5.0000000E-02   5.0000000E-02   5.0000000E-02   5.0000000E-01   1.3900000E+00   3.8817183E+00   1.0000000E+00   1.0000000E+00   1.3936574E-01   1.9996050E-01   1.0000000E+00   1.0000000E+00   1.0000000E+00   1.0000000E+00   3.0544061E-01  
4  2  NA   2.5000000E+00   1.0000000E-01   7.0000000E-01   5.0000000E-02   1.0000000E-03   1.2170359E+02   8.3087235E-01   0.0000000E+00   1.1975974E+01   5.0000000E+02   9.9752988E+01   3.0000000E-01   5.0000000E-02   1.0000000E-02   5.0000000E-02   0.0000000E+00   8.5723924E+00   5.0000000E-02   5.0000000E-01   5.0000000E-02   5.0000000E-02   8.0000000E-01   1.0000000E+00   1.0000000E-03   1.0000000E-03   1.0000000E+00   1.0000000E+00   1