Iter Part GoF SOIL__N SOIL__Alpha SOIL__ThetaSat SOIL__ThetaRes SOIL__LateralHydrConductivity SCALAR__SoilRoughness SCALAR__LSAI SCALAR__CanopyFraction SCALAR__DecayCoeffCanopy SCALAR__RootDepth SCALAR__MinStomatalRes SCALAR__VegReflectVis SCALAR__VegReflNIR SCALAR__VegTransVis SCALAR__VegTransNIR SCALAR__LeafAngles SCALAR__CanDensSurface SCALAR__SoilAlbVisDry SCALAR__SoilAlbNIRDry SCALAR__SoilAlbVisWet SCALAR__SoilAlbNIRWet SCALAR__SoilEmissiv SCALAR__CanopyMaxIter SOIL__NormalHydrConductivity_V_L0001 SOIL__NormalHydrConductivity_V_L0002 SOIL__NormalHydrConductivity_V_L0003 SOIL__NormalHydrConductivity_V_L0004 SOIL__NormalHydrConductivity_V_L0005 SOIL__NormalHydrConductivity_V_L0006 SOIL__NormalHydrConductivity_V_L0007 SOIL__NormalHydrConductivity_V_L0008 SOIL__NormalHydrConductivity_V_L0009 
1  1   3.1890437E-01  -2.6563617E-01   3.1201505E-02  -1.4546260E-02   3.7573082E-03  -7.3559986E-01   8.7078474E+02   6.9794188E+00  -3.9132745E-01  -1.0257527E+01   3.4748907E+01   2.2227133E+01   5.7466917E-02  -9.7625417E-02   3.5297650E-02   3.8210036E-01   6.7435498E-01   5.0114819E+00  -9.0709050E-02   2.4944004E-01  -4.5314185E-02   2.2247616E-01  -5.4908256E-02   1.3005040E-01  -3.2808013E-02   1.0559131E-03   5.7984379E-01  -1.3025176E-01  -2.3582506E-01   2.8144400E-01  -4.7294590E-01  -7.0237492E-01   5.9558179E-01  
1  2   3.3301652E-01   3.7894578E-01  -4.2976949E-02  -6.6464211E-03   2.1963201E-03   4.1566858E-01  -7.9597041E+01  -4.3123098E-02  -2.7412818E-01   5.5003701E+00   1.5539864E+02   1.9776173E+00  -2.6982368E-02   2.2222576E-02  -1.0220504E-01   1.0070143E-01  -4.1885402E-01  -3.6494957E+00   1.7834995E-02  -5.9288963E-04  -1.6744193E-01  -1.0185549E-01  -3.3634069E-01   1.7530843E+00   5.7305399E-01  -8.1314270E-01  -1.6908966E-01  -1.6246285E-01  -1.2406904E-01  -2.6821365E-01   8.4643095E-01   2.6311999E-01  -3.3476334E-01  
1  3   2.9000000E-01   3.8448182E-01   4.4327987E-02  -9.3699823E-02  -1.4001481E-02   1.8679066E-01   3.7880737E+02  -6.3363745E+00  -1.0931452E-01   1.6517239E+01   1.3543259E+02  -2.2631150E+01  -2.1021620E-02  -1.5771688E-01   7.5259379E-02   1.9555471E-01  -4.2739603E-01  -3.9651523E+00   1.7619517E-01  -2.7318473E-01  -4.5540923E-02   3.1072075E-02   1.7140991E-01  -9.7091934E-01   2.4105254E-01   4.5169079E-01  -5.3718535E-01   2.5055939E-01   6.7470748E-01   4.4556902E-03   3.4886949E-01   1.7068162E-01   5.0307076E-01  
1  4   1.6401219E-01   2.4164392E-01   5.0160697E-02  -8.5758976E-03  -1.3205399E-03  -2.0842512E-01   5.2133993E+02   3.1104531E+00  -2.4230484E-01   8.0894935E+01  -3.2887613E+02  -4.2264240E+01  -1.9417918E-02   4.0103548E-01  -1.0782716E-02   1.3902375E-01   5.7343613E-01  -5.1829186E+00  -1.1117159E-01   2.9861957E-01   1.5954177E-01  -2.9592497E-01   1.4484358E-01  -1.1793175E+00  -3.5426446E-01   3.8368058E-01  -3.6015799E-02  -1.3729025E-02  -4.4159225E-01  -6.0849102E-01   2.1670510E-01   7.4909983E-01   1.0696127E-01  
2  1   1.6643317E-01  -6.5000000E-01   4.9995000E-02   1.5000000E-01  -1.0000000E-02   4.9950000E-01   6.2704119E+02   3.2066929E-01  -5.5072783E-01  -3.9986679E+01   2.7966244E+01   2.4306314E+01   1.2500000E-01   2.2500000E-01   9.5000000E-02  -2.2500000E-01  -5.0000000E-01  -5.7384912E-01  -1.2500000E-01  -2.2500000E-01  -1.2500000E-01  -2.2500000E-01  -2.9500000E-01  -1.5000000E+00  -2.2058958E-01   4.9950000E-01  -7.4195202E-02  -4.9950000E-01  -4.9950000E-01   4.9950000E-01   4.9950000E-01   4.9950000E-01   4.9950000E-01  
2  2   1.5811388E-01  -4.1632050E-01  -4.9995000E-02   1.5000000E-01  -1.0000000E-02   1.8431306E-01  -7.4859651E+01  -9.3773609E-01   5.0000000E-01   7.9009920E+00   1.1250509E+02   1.6953204E+00   1.2500000E-01   2.2500000E-01   9.5000000E-02   2.2500000E-01   5.0000000E-01  -2.3786190E+00  -1.2500000E-01  -2.2500000E-01  -9.1203072E-03  -9.9331322E-02   2.9500000E-01   1.3213206E+00   7.2520265E-01   4.9950000E-01   3.8945677E-01   8.7824703E-02  -3.4465067E-01   2.1043814E-01  -4.9950000E-01   2.5140430E-01   2.6483175E-01  
2  3  NA  -6.5000000E-01  -4.9995000E-02   9.9923630E-02   1.0000000E-02  -4.9950000E-01   2.9046832E+02   4.0000000E+00   5.0000000E-01   5.2641974E+00   1.7477080E+02  -9.5522400E+00  -1.2500000E-01   2.2500000E-01  -9.5000000E-02  -2.2500000E-01  -4.0101108E-01  -5.8816073E+00   1.2500000E-01  -2.2500000E-01   1.2500000E-01  -2.2500000E-01  -2.9500000E-01  -1.8086386E+00   4.9950000E-01   4.9950000E-01   4.9950000E-01   4.9950000E-01  -4.9950000E-01   4.9950000E-01   4.9950000E-01  -4.9950000E-01   4.9950000E-01  
2  4   2.4207437E-01   1.7430924E-01   3.6183295E-02  -6.1862025E-03  -9.5256815E-04  -1.5034694E-01   3.7606726E+02   2.2437176E+00  -1.7478600E-01   5.8353361E+01  -2.3723398E+02  -3.0487205E+01  -1.4007067E-02   2.8928595E-01  -7.7780854E-03   1.0028444E-01   4.1364673E-01  -3.7386855E+00  -8.0193353E-02   2.1540849E-01   1.1508506E-01  -2.1346474E-01   1.0448256E-01  -8.5069775E-01  -2.5554779E-01   2.7676704E-01  -2.5979907E-02  -9.9033981E-03  -3.1854147E-01  -4.3893349E-01   1.5631969E-01   5.4036131E-01   7.7156245E-02  
3  1   2.3706539E-01  -1.3000000E+00   9.9990000E-02   3.0000000E-01  -2.0000000E-02   4.9950000E-01  -2.2321618E+02   1.0658999E-01   3.0456760E-01  -3.7855771E+01   3.0055064E+01   2.1079682E+01   2.5000000E-01   2.2500000E-01   1.9000000E-01   2.2500000E-01  -1.0000000E+00   2.7915660E+00  -1.2500000E-01  -1.2013786E-01  -1.2500000E-01  -2.2500000E-01  -5.9000000E-01  -2.1935487E+00  -4.9950000E-01   1.3546983E-01   4.9950000E-01  -4.9950000E-01  -3.5830674E-01   4.9950000E-01   9.9900000E-01   9.9900000E-01   4.9950000E-01  
3  2   1.7204651E-01  -3.0031176E-01  -3.6063769E-02   1.0820213E-01  -7.2134752E-03   1.3295377E-01  -5.3999823E+01  -6.7643360E-01   3.6067376E-01   5.6993610E+00   8.1155264E+01   1.2229151E+00   9.0168440E-02   1.6230319E-01   6.8528014E-02   1.6230319E-01   3.6067376E-01  -1.7158109E+00  -9.0168440E-02  -1.6230319E-01  -6.5789110E-03  -7.1652403E-02   2.1279752E-01   9.5313133E-01  -2.6156157E-01   3.6031309E-01   2.8093367E-01   6.3352132E-02   1.2430645E-01   1.5179903E-01  -3.6031309E-01   1.8134987E-01   1.9103573E-01  
3  3   1.4422205E-01  -1.3000000E+00   4.9995000E-02   1.5000000E-01   2.0000000E-02  -9.9900000E-01   6.4426041E+01   8.0000000E+00   5.0000000E-01   1.9711704E+01  -7.9485320E+01  -1.9155555E+01  -1.2500000E-01   4.5000000E-01  -1.9000000E-01   2.2500000E-01   5.0000000E-01   4.9500000E+00   1.2500000E-01  -2.2500000E-01   1.2500000E-01   2.2500000E-01  -5.9000000E-01  -1.3805632E+00   4.9950000E-01   4.9950000E-01   9.9900000E-01   9.9900000E-01  -4.9950000E-01   4.9950000E-01   9.9900000E-01  -4.9950000E-01   9.9900000E-01  
3  4  NA  -6.5000000E-01  -4.9995000E-02  -1.5000000E-01  -1.0000000E-02   4.9950000E-01   1.1496947E+02   4.0000000E+00  -5.0000000E-01  -2.5786375E+01  -4.1102418E+01  -3.3160624E+01  -1.2500000E-01  -2.2500000E-01  -9.5000000E-02  -2.2500000E-01   5.0000000E-01   4.0025312E+00  -1.2500000E-01   2.2500000E-01   1.2500000E-01  -2.2500000E-01   2.9500000E-01  -1.0471255E+00   4.9950000E-01  -4.9950000E-01  -4.9950000E-01  -4.9950000E-01  -4.9950000E-01  -4.9950000E-01  -4.9950000E-01   4.9950000E-01  -4.9950000E-01  
4  1   1.4422205E-01   1.2239598E-01   4.9995000E-02  -1.5000000E-01   2.0000000E-02   4.9950000E-01  -3.0574755E+02   8.9729257E-01   5.0000000E-01  -1.1371694E+01   5.8247098E+01  -1.0565614E+01   1.2500000E-01   4.5000000E-01  -1.2900604E-01   2.2500000E-01   6.2536379E-01   1.3098872E+00  -2.8105841E-02  -2.2500000E-01  -1.1722353E-01  -2.2500000E-01   2.9500000E-01  -5.6600240E-01  -9.9900000E-01   3.4855628E-01   9.9900000E-01  -7.9689658E-01  -1.7679858E-01   4.7194703E-01  -4.9950000E-01  -4.9950000E-01   9.9900000E-01  
4  2   1.5652476E-01  -3.4304135E-02  -4.9995000E-02   1.5000000E-01  -1.0000000E-02   4.9950000E-01  -1.7056423E+01   3.0259873E+00   5.0000000E-01   3.0304321E+00   4.7858041E+01   4.5228494E+00   1.2500000E-01   2.2500000E-01  -9.5000000E-02   2.2500000E-01  -5.0000000E-01   6.4756696E+00   1.2500000E-01  -2.2500000E-01  -1.2500000E-01   2.2500000E-01  -2.9500000E-01  -1.5004222E+00  -4.9950000E-01  -4.9950000E-01   4.9950000E-01  -4.9950000E-01   4.9950000E-01  -4.9950000E-01  -4.9950000E-01  -3.0129897E-01   7.9860149E-01  
4  3   1.3038405E-01   4.6887589E-01   3.6063769E-02   1.0820213E-01  -7.2134752E-03   3.6031309E-01   4.6473565E+01  -2.8853901E+00   3.6067376E-01   1.4218989E+01  -5.7336539E+01  -1.3817812E+01  -9.0168440E-02  -1.6230319E-01   6.8528014E-02   1.6230319E-01   3.6067376E-01   3.5706702E+00   9.0168440E-02  -1.6230319E-01   9.0168440E-02   1.6230319E-01   2.1279752E-01  -9.9586581E-01   3.6031309E-01   3.6031309E-01  -3.6031309E-01  -3.6031309E-01  -3.6031309E-01   3.6031309E-01  -3.6031309E-01  -3.6031309E-01  -3.6031309E-01  
4  4   2.2203603E-01  -1.3000000E+00  -4.9995000E-02  -1.1424411E-01  -2.0000000E-02   9.9900000E-01  -1.2563633E+02   3.5044325E+00  -5.0000000E-01  -4.1776741E+01   1.0058287E+02  -4.4218963E+00  -1.2500000E-01   2.2500000E-01  -9.5000000E-02  -2.2500000E-01   5.0000000E-01   3.7702180E+00  -1.2500000E-01   4.5000000E-01   2.5000000E-01  -2.2500000E-01   2.9500000E-01  -1.5000000E+00   9.9900000E-01  -9.9900000E-01  -9.9900000E-01  -4.9950000E-01  -9.9900000E-01  -4.9950000E-01  -4.9950000E-01   4.9950000E-01  -1.3887275E-01  
5  1   2.1470911E-01   2.6203283E-01   9.9990000E-02  -1.5000000E-01  -2.0000000E-02   4.9950000E-01  -2.2473812E+02   4.2304641E+00   1.0000000E+00   4.6463896E+00   7.7346391E+01  -1.4426421E+01   1.2500000E-01   2.2500000E-01  -9.5000000E-02   4.5000000E-01  -5.0000000E-01  -3.8188245E+00  -1.2500000E-01  -2.2500000E-01   1.2500000E-01  -2.1769670E-02   5.9000000E-01   1.7292914E-01   1.9574118E-01   4.9950000E-01  -4.9950000E-01  -4.9950000E-01   4.9950000E-01   3.4980361E-01  -9.9900000E-01  -9.9900000E-01  -9.9900000E-01  
5  2  NA   5.3037390E-01   4.9995000E-02   2.3625929E-02  -1.0000000E-02   4.9667903E-02  -1.0585042E+01  -1.1404410E+00   1.0000000E+00   7.6563864E+00   2.8462435E+01  -2.8936751E+00   1.2500000E-01   4.5000000E-01  -9.5000000E-02   4.5000000E-01  -3.7851950E-01  -2.5094851E+00   1.2500000E-01  -1.6112035E-01   1.2500000E-01   2.2500000E-01  -3.3187086E-01  -3.0371826E-02  -4.9950000E-01  -7.0715797E-01   9.9900000E-01  -1.5458503E-01   4.9950000E-01  -3.1847820E-01  -8.2741268E-01  -2.1284579E-01  -4.9950000E-01  
5  3   2.4839485E-01   3.3822246E-01   2.6014511E-02   7.8051337E-02  -5.2034225E-03   2.5991095E-01   3.3523591E+01  -2.0813690E+00   2.6017112E-01   1.0256832E+01  -4.1359570E+01  -9.9674445E+00  -6.5042781E-02  -1.1707701E-01   4.9432513E-02   1.1707701E-01   2.6017112E-01   2.5756941E+00   6.5042781E-02  -1.1707701E-01   6.5042781E-02   1.1707701E-01   1.5350096E-01  -7.1836533E-01   2.5991095E-01   2.5991095E-01  -2.5991095E-01  -2.5991095E-01  -2.5991095E-01   2.5991095E-01  -2.5991095E-01  -2.5991095E-01  -2.5991095E-01  
5  4   2.9068884E-01   1.3000000E+00   4.9995000E-02   1.5000000E-01   2.0000000E-02  -9.9900000E-01  -9.4477291E+01   8.0000000E+00  -1.0000000E+00  -1.9722720E+01   1.8215115E+02   2.1251041E+01  -1.2500000E-01   4.5000000E-01  -1.9000000E-01   2.2500000E-01   5.0000000E-01   4.9500000E+00   1.2500000E-01   2.2500000E-01  -2.4797668E-01   2.2500000E-01   2.9500000E-01  -1.5000000E+00  -4.9950000E-01   4.9950000E-01   4.9950000E-01  -4.9950000E-01   4.9950000E-01  -9.9900000E-01  -4.9950000E-01   9.9900000E-01  -4.9950000E-01  
