0.123071 
0.092875 
0.103291 
0.092803 
0.12619 
0.108186 
0.122155 
0.123145 
0.123099 
0.123068 
0.123039 
0.123023 
0.123062 
0.123053 
0.123061 
0.123084 
0.123072 
0.121802 
0.123587 
0.123356 
0.123813 
0.134293 
0.097315 
0.077615 
0.104011 
0.076942 
0.09237 
0.084164 
0.096695 
0.097149 
0.097062 
0.097315 
0.09737 
0.0973 
0.097317 
0.097323 
0.097314 
0.097329 
0.097325 
0.096647 
0.096161 
0.097821 
0.098019 
0.089841 
0.085654 
0.072907 
0.097174 
0.072908 
0.088433 
0.074195 
0.085777 
0.086263 
0.08273 
0.085653 
0.085558 
0.085621 
0.085653 
0.085628 
0.085652 
0.085566 
0.085653 
0.085405 
0.084358 
0.084972 
0.087975 
0.080299 
0.112547 
0.128466 
0.108079 
0.10043 
0.117297 
0.121273 
0.112523 
0.112593 
0.112265 
0.112516 
0.11254 
0.112544 
0.112532 
0.112506 
0.112498 
0.112533 
0.112519 
0.112085 
0.112891 
0.112135 
0.113121 
0.105796 
0.096962 
0.086171 
0.097659 
0.105011 
0.094737 
0.091264 
0.096554 
0.096875 
0.096932 
0.096962 
0.096974 
0.096967 
0.096969 
0.096963 
0.096961 
0.096957 
0.096959 
0.097498 
0.097333 
0.09608 
0.096452 
0.103994 
0.075751 
0.093335 
0.072398 
0.076984 
0.07516 
0.075196 
0.075751 
0.075649 
0.07582 
0.075847 
0.075777 
0.075749 
0.075741 
0.07575 
0.075741 
0.07576 
0.075749 
0.075771 
0.075827 
0.075688 
0.076113 
0.073569 
0.121335 
0.086402 
0.122314 
0.092598 
0.124041 
0.122061 
0.121411 
0.120837 
0.124232 
0.121335 
0.121324 
0.121285 
0.121344 
0.121373 
0.121328 
0.121245 
0.121313 
0.121431 
0.121549 
0.121119 
0.121118 
0.11881 
0.08326 
0.071158 
0.079902 
0.107369 
0.086874 
0.07804 
0.083608 
0.08326 
0.08326 
0.08326 
0.08326 
0.08326 
0.08326 
0.08326 
0.08326 
0.08326 
0.08326 
0.082436 
0.084286 
0.082872 
0.083097 
0.080828 
