Iter  GoF  SOIL__N  SOIL__LOG10_Alpha  SOIL__ThetaSat  SOIL__ThetaRes  SOIL__LOG10_NormalHydrConductivity  SCALAR__SoilRoughness  SCALAR__LSAI  SCALAR__CanopyFraction  SCALAR__DecayCoeffCanopy  SCALAR__RootDepth  SCALAR__MinStomatalRes  SCALAR__VegReflectVis  SCALAR__VegReflNIR  SCALAR__VegTransVis  SCALAR__VegTransNIR  SCALAR__CanDensSurface  SCALAR__SoilAlbVisDry  SCALAR__SoilAlbNIRDry  SCALAR__SoilAlbVisWet  SCALAR__SoilAlbNIRWet  SCALAR__SoilEmissiv  
1   6.9105000E-02   1.9199495E+00  -2.7501841E+00   4.6371288E-01   6.8675159E-02  -3.6771381E+00   1.1018812E+02   7.5180438E-01   5.5939832E-02   1.0026435E+01   7.8424620E+02   8.9235069E+01   8.3068451E-02   2.0370370E-01   5.9373502E-02   5.1565966E-01   4.3157343E+00   1.3138707E-01   2.1391549E-01   3.8061321E-01   1.1161042E-01   9.3646314E-01  
2   6.6729000E-02   1.9480436E+00  -2.3075501E+00   5.1198275E-01   6.0101201E-02  -3.4286303E+00   3.9095293E+02   6.1850990E-01   5.0322322E-02   5.5276736E+01   5.8823786E+02   3.3965953E+01   1.1551712E-01   2.3657659E-01   8.3103010E-02   5.1877878E-01   3.9745789E+00   2.0925761E-01   1.5420652E-01   2.8092961E-01   9.7712270E-02   9.7573613E-01  
3   6.4376000E-02   2.0000000E+00  -2.2913819E+00   4.0000000E-01   6.5043426E-02  -3.9286376E+00   1.0000000E+01   5.7112511E-01   3.2997362E-01   1.4530330E+01   1.0000000E+03   6.5344476E+01   1.9125643E-01   3.0187070E-01   7.9072617E-02   4.5213261E-01   7.8388868E+00   1.7481934E-01   2.4676095E-01   4.0000000E-01   3.6566641E-01   9.3156805E-01  
4   5.4757000E-02   1.6587513E+00  -2.2554864E+00   4.0000000E-01   4.0000000E-02  -4.3010300E+00   1.0000000E+01   4.3624969E-01   0.0000000E+00   5.5153912E+01   1.0000000E+03   1.5389849E+01   1.2945452E-01   3.7170679E-01   8.8108050E-02   3.5954978E-01   2.3787032E+00   3.0000000E-01   8.8101811E-02   2.7085035E-01   2.3608944E-01   9.6590658E-01  
5   5.4757000E-02   1.6587513E+00  -2.2554864E+00   4.0000000E-01   4.0000000E-02  -4.3010300E+00   1.0000000E+01   4.3624969E-01   0.0000000E+00   5.5153912E+01   1.0000000E+03   1.5389849E+01   1.2945452E-01   3.7170679E-01   8.8108050E-02   3.5954978E-01   2.3787032E+00   3.0000000E-01   8.8101811E-02   2.7085035E-01   2.3608944E-01   9.6590658E-01  
6   5.3798000E-02   1.8450438E+00  -2.1942087E+00   4.0000000E-01   4.4064891E-02  -4.3010300E+00   1.0000000E+01   3.4978790E-01   5.0956399E-02   5.0521625E+01   8.4099304E+02   1.6280380E+01   1.7559285E-01   3.0109688E-01   4.7002589E-02   2.7452320E-01   7.3594188E+00   2.7818009E-01   5.8255236E-02   3.0689860E-01   1.8413652E-01   9.5000718E-01  
7   5.3798000E-02   1.8450438E+00  -2.1942087E+00   4.0000000E-01   4.4064891E-02  -4.3010300E+00   1.0000000E+01   3.4978790E-01   5.0956399E-02   5.0521625E+01   8.4099304E+02   1.6280380E+01   1.7559285E-01   3.0109688E-01   4.7002589E-02   2.7452320E-01   7.3594188E+00   2.7818009E-01   5.8255236E-02   3.0689860E-01   1.8413652E-01   9.5000718E-01  
8   5.3798000E-02   1.8450438E+00  -2.1942087E+00   4.0000000E-01   4.4064891E-02  -4.3010300E+00   1.0000000E+01   3.4978790E-01   5.0956399E-02   5.0521625E+01   8.4099304E+02   1.6280380E+01   1.7559285E-01   3.0109688E-01   4.7002589E-02   2.7452320E-01   7.3594188E+00   2.7818009E-01   5.8255236E-02   3.0689860E-01   1.8413652E-01   9.5000718E-01  
9   5.2881000E-02   1.9773688E+00  -2.0969100E+00   4.1823362E-01   4.4920293E-02  -4.3010300E+00   3.2953159E+01   3.1457230E-01   4.3176472E-02   3.6072744E+01   6.8052979E+02   2.5035077E+01   2.0000000E-01   3.3953888E-01   8.9130198E-02   3.6353244E-01   7.2006565E+00   2.8164039E-01   1.1027377E-01   4.0000000E-01   2.9980285E-01   9.4853919E-01  
10   5.2881000E-02   1.9773688E+00  -2.0969100E+00   4.1823362E-01   4.4920293E-02  -4.3010300E+00   3.2953159E+01   3.1457230E-01   4.3176472E-02   3.6072744E+01   6.8052979E+02   2.5035077E+01   2.0000000E-01   3.3953888E-01   8.9130198E-02   3.6353244E-01   7.2006565E+00   2.8164039E-01   1.1027377E-01   4.0000000E-01   2.9980285E-01   9.4853919E-01  
11   5.2739000E-02   1.8754917E+00  -2.1701369E+00   4.0138413E-01   4.0000000E-02  -4.3010300E+00   1.0000000E+01   5.1347668E-01   2.7546868E-02   5.0835014E+01   6.1962976E+02   3.4729460E+01   1.4101750E-01   3.1736346E-01   9.9833269E-02   5.6656540E-01   1.7623907E+00   2.6462655E-01   6.6609812E-02   3.2424603E-01   2.9826436E-01   9.9432516E-01  
12   5.2669000E-02   1.9865265E+00  -2.1424643E+00   4.0000000E-01   4.0330635E-02  -4.2880381E+00   6.2173652E+01   3.4620671E-01   6.4422848E-02   3.5350797E+01   8.7051261E+02   2.3442134E+01   1.8932510E-01   3.9169961E-01   6.0858883E-02   4.4810852E-01   6.3826011E+00   2.7284056E-01   7.8247851E-02   3.7925557E-01   2.4922968E-01   9.8757603E-01  
13   5.2519000E-02   1.9920843E+00  -2.1169735E+00   4.0326128E-01   4.0000000E-02  -4.3010300E+00   8.3768538E+01   3.9780186E-01   7.9346148E-02   3.7733318E+01   8.9672595E+02   2.8326335E+01   1.8535932E-01   3.8831004E-01   5.6672561E-02   4.9639640E-01   5.2546345E+00   2.8007942E-01   9.8624368E-02   3.6653194E-01   2.4076936E-01   9.8368766E-01  
14   5.2309000E-02   1.9076906E+00  -2.0969100E+00   4.0000000E-01   4.1678668E-02  -4.3010300E+00   5.0701244E+01   3.1313113E-01   6.2978279E-02   3.5298644E+01   8.9455648E+02   5.4555344E+01   1.6373671E-01   3.4169848E-01   8.1332706E-02   3.8591370E-01   6.7688324E+00   2.9373106E-01   9.5762728E-02   3.8290388E-01   3.0108600E-01   9.8728667E-01  
15   5.1720000E-02   1.8611459E+00  -2.0969100E+00   4.1061957E-01   4.1025943E-02  -4.3010300E+00   1.1261852E+02   6.3417871E-01   1.6000425E-02   5.2716701E+01   5.7382835E+02   2.8283372E+01   1.3456275E-01   3.2283114E-01   1.1171056E-01   5.5698507E-01   1.0132758E+00   2.5154491E-01   8.3526850E-02   3.0324469E-01   3.6204622E-01   9.8392522E-01  
16   5.1720000E-02   1.8611459E+00  -2.0969100E+00   4.1061957E-01   4.1025943E-02  -4.3010300E+00   1.1261852E+02   6.3417871E-01   1.6000425E-02   5.2716701E+01   5.7382835E+02   2.8283372E+01   1.3456275E-01   3.2283114E-01   1.1171056E-01   5.5698507E-01   1.0132758E+00   2.5154491E-01   8.3526850E-02   3.0324469E-01   3.6204622E-01   9.8392522E-01  
17   5.1625000E-02   1.9133913E+00  -2.0992882E+00   4.0000000E-01   4.2359724E-02  -4.3010300E+00   1.1310894E+02   4.0540350E-01   2.1708738E-02   4.3361468E+01   5.0687006E+02   3.4088943E+01   1.2820471E-01   3.1449401E-01   8.8450336E-02   5.2274109E-01   3.9259232E+00   2.5300567E-01   7.0862539E-02   2.8135315E-01   4.0247380E-01   9.8154756E-01  
18   5.1625000E-02   1.9133913E+00  -2.0992882E+00   4.0000000E-01   4.2359724E-02  -4.3010300E+00   1.1310894E+02   4.0540350E-01   2.1708738E-02   4.3361468E+01   5.0687006E+02   3.4088943E+01   1.2820471E-01   3.1449401E-01   8.8450336E-02   5.2274109E-01   3.9259232E+00   2.5300567E-01   7.0862539E-02   2.8135315E-01   4.0247380E-01   9.8154756E-01  
19   5.1560000E-02   1.9973301E+00  -2.1444351E+00   4.0000000E-01   4.0000000E-02  -4.3010300E+00   9.3101979E+01   7.6791292E-02   7.4796742E-02   6.6736201E+01   7.3111291E+02   2.6529908E+01   1.3461289E-01   3.1546834E-01   9.2017813E-02   2.6856779E-01   4.8006831E+00   2.1625569E-01   1.0279016E-01   3.1794876E-01   4.2430705E-01   9.8895880E-01  
20   5.1560000E-02   1.9973301E+00  -2.1444351E+00   4.0000000E-01   4.0000000E-02  -4.3010300E+00   9.3101979E+01   7.6791292E-02   7.4796742E-02   6.6736201E+01   7.3111291E+02   2.6529908E+01   1.3461289E-01   3.1546834E-01   9.2017813E-02   2.6856779E-01   4.8006831E+00   2.1625569E-01   1.0279016E-01   3.1794876E-01   4.2430705E-01   9.8895880E-01  
