Iter Gbest GbestRate[%] IterBestFit normSwarmRadius |gbest-mean(pbest)|/mean(pbest)[%] 
1   6.9105000E-02  100.000   6.9105000E-02   4.1070265E-01   43.551  
2   6.6729000E-02    3.438   6.6729000E-02   3.3602105E-01   28.507  
3   6.4376000E-02    3.526   6.4376000E-02   4.4203845E-01   25.784  
4   5.4757000E-02   14.942   5.4757000E-02   4.1069468E-01   32.983  
5   5.4757000E-02    0.000   6.1867000E-02   3.7823626E-01   28.522  
6   5.3798000E-02    1.751   5.3798000E-02   3.5673369E-01   26.957  
7   5.3798000E-02    0.000   5.6708000E-02   3.1693878E-01   23.493  
8   5.3798000E-02    0.000   5.4665000E-02   2.9309316E-01   19.846  
9   5.2881000E-02    1.705   5.2881000E-02   2.6462445E-01   18.678  
10   5.2881000E-02    0.000   5.3620000E-02   2.4639462E-01   16.302  
11   5.2739000E-02    0.269   5.2739000E-02   2.3008865E-01   14.527  
12   5.2669000E-02    0.133   5.2669000E-02   2.1400957E-01   11.848  
13   5.2519000E-02    0.285   5.2519000E-02   1.9913234E-01    9.882  
14   5.2309000E-02    0.400   5.2309000E-02   1.9417186E-01    8.538  
15   5.1720000E-02    1.126   5.1720000E-02   2.1202566E-01    8.150  
16   5.1720000E-02    0.000   5.2279000E-02   2.0568124E-01    7.019  
17   5.1625000E-02    0.184   5.1625000E-02   1.6897988E-01    6.342  
18   5.1625000E-02    0.000   5.1629000E-02   1.5954685E-01    5.490  
19   5.1560000E-02    0.126   5.1560000E-02   1.8878233E-01    4.732  
20   5.1560000E-02    0.000   5.1562000E-02   1.7734787E-01    3.797  
