x
5.1625e-02
5.1625e-02
5.1560e-02
5.1629e-02
5.1560e-02
5.1760e-02
5.1629e-02
5.1720e-02
5.1720e-02
5.1560e-02
5.1629e-02
5.1625e-02
5.1562e-02
5.1625e-02
5.1625e-02
5.1625e-02
5.1720e-02
5.1560e-02
5.1562e-02
5.1720e-02
5.1720e-02
5.1562e-02
5.1720e-02
5.1625e-02
5.1560e-02
5.1720e-02
5.2010e-02
5.1625e-02
5.2010e-02
5.1560e-02
5.1720e-02
5.1629e-02
5.1842e-02
5.1562e-02
5.1972e-02
5.1562e-02
5.1625e-02
5.1562e-02
5.1560e-02
5.1629e-02
5.1760e-02
5.1625e-02
5.1720e-02
5.1625e-02
5.1562e-02
5.1625e-02
5.1625e-02
5.1629e-02
5.1625e-02
5.1760e-02
5.1625e-02
5.1562e-02
5.1562e-02
5.1629e-02
5.1760e-02
5.1815e-02
5.1720e-02
5.1560e-02
5.1720e-02
5.1560e-02
5.1720e-02
5.1562e-02
5.1815e-02
5.1842e-02
5.1560e-02
5.1562e-02
5.1560e-02
5.1629e-02
5.1720e-02
5.1720e-02
5.1625e-02
5.1815e-02
5.1815e-02
5.1560e-02
5.1562e-02
5.1625e-02
5.2010e-02
5.1629e-02
5.1720e-02
5.1560e-02
5.1560e-02
5.1560e-02
5.1855e-02
5.1625e-02
5.1625e-02
5.1560e-02
5.1720e-02
5.1720e-02
5.1625e-02
5.1560e-02
5.1815e-02
5.1842e-02
5.1625e-02
5.1760e-02
5.1629e-02
5.1562e-02
5.1560e-02
5.1625e-02
5.1560e-02
5.1720e-02
5.1882e-02
5.1625e-02
5.1625e-02
5.1882e-02
5.1629e-02
5.1560e-02
5.1720e-02
5.1629e-02
5.1562e-02
5.1625e-02
5.1625e-02
5.1855e-02
5.1560e-02
5.1625e-02
5.1560e-02
5.1560e-02
5.1720e-02
5.1560e-02
5.1720e-02
5.1842e-02
5.1842e-02
5.1815e-02
5.2010e-02
5.1882e-02
5.1562e-02
5.1562e-02
5.1560e-02
