Date,Hveg,thres_veg_1,thres_veg_2,LSAI,canopy fraction,decay coeff,snow burial coeff,root depth,min stomatal res
01/01/2013 00:00,3600,0,0,2.5,0.918,2.5,1,800,24
02/01/2013 00:00,3600,0,0,2.5,0.918,2.5,1,800,24
03/01/2013 00:00,3600,0,0,2.5,0.918,2.5,1,800,24
04/01/2013 00:00,3600,0,0,2.5,0.918,2.5,1,800,24
05/01/2013 00:00,3600,0,0,2.5,0.918,2.5,1,800,24
06/01/2013 00:00,3600,0,0,2.5,0.918,2.5,1,800,24
07/01/2013 00:00,3600,0,0,2.5,0.918,2.5,1,800,24
08/01/2013 00:00,3600,0,0,2.5,0.918,2.5,1,800,24
09/01/2013 00:00,3600,0,0,2.5,0.918,2.5,1,800,24
10/01/2013 00:00,3600,0,0,2.5,0.918,2.5,1,800,24
11/01/2013 00:00,3600,0,0,2.5,0.918,2.5,1,800,24
12/01/2013 00:00,3600,0,0,2.5,0.918,2.5,1,800,24
13/01/2013 00:00,3600,0,0,2.5,0.918,2.5,1,800,24
14/01/2013 00:00,3600,0,0,2.5,0.918,2.5,1,800,24
15/01/2013 00:00,3600,0,0,2.5,0.918,2.5,1,800,24
16/01/2013 00:00,3600,0,0,2.5,0.918,2.5,1,800,24
17/01/2013 00:00,3600,0,0,2.5,0.918,2.5,1,800,24
18/01/2013 00:00,3600,0,0,2.5,0.918,2.5,1,800,24
19/01/2013 00:00,3600,0,0,2.5,0.918,2.5,1,800,24
20/01/2013 00:00,3600,0,0,2.5,0.918,2.5,1,800,24
21/01/2013 00:00,3600,0,0,2.5,0.918,2.5,1,800,24
22/01/2013 00:00,3600,0,0,2.5,0.918,2.5,1,800,24
23/01/2013 00:00,3600,0,0,2.5,0.918,2.5,1,800,24
24/01/2013 00:00,3600,0,0,2.5,0.918,2.5,1,800,24
25/01/2013 00:00,3600,0,0,2.5,0.918,2.5,1,800,24
26/01/2013 00:00,3600,0,0,2.5,0.918,2.5,1,800,24
27/01/2013 00:00,3600,0,0,2.5,0.918,2.5,1,800,24
28/01/2013 00:00,3600,0,0,2.5,0.918,2.5,1,800,24
29/01/2013 00:00,3600,0,0,2.5,0.918,2.5,1,800,24
30/01/2013 00:00,3600,0,0,2.5,0.918,2.5,1,800,24
31/01/2013 00:00,3600,0,0,2.5,0.918,2.5,1,800,24
01/02/2013 00:00,3600,0,0,2.5,0.918,2.5,1,800,24
02/02/2013 00:00,3600,0,0,2.5,0.918,2.5,1,800,24
03/02/2013 00:00,3600,0,0,2.5,0.918,2.5,1,800,24
04/02/2013 00:00,3600,0,0,2.5,0.918,2.5,1,800,24
05/02/2013 00:00,3600,0,0,2.5,0.918,2.5,1,800,24
06/02/2013 00:00,3600,0,0,2.5,0.918,2.5,1,800,24
07/02/2013 00:00,3600,0,0,2.5,0.918,2.5,1,800,24
08/02/2013 00:00,3600,0,0,2.5,0.918,2.5,1,800,24
09/02/2013 00:00,3600,0,0,2.5,0.918,2.5,1,800,24
10/02/2013 00:00,3600,0,0,2.5,0.918,2.5,1,800,24
11/02/2013 00:00,3600,0,0,2.5,0.918,2.5,1,800,24
12/02/2013 00:00,3600,0,0,2.5,0.918,2.5,1,800,24
13/02/2013 00:00,3600,0,0,2.5,0.918,2.5,1,800,24
14/02/2013 00:00,3600,0,0,2.5,0.918,2.5,1,800,24
15/02/2013 00:00,3600,0,0,2.5,0.918,2.5,1,800,24
16/02/2013 00:00,3600,0,0,2.5,0.918,2.5,1,800,24
17/02/2013 00:00,3600,0,0,2.5,0.918,2.5,1,800,24
18/02/2013 00:00,3600,0,0,2.5,0.918,2.5,1,800,24
19/02/2013 00:00,3600,0,0,2.5,0.918,2.5,1,800,24
20/02/2013 00:00,3600,0,0,2.5,0.918,2.5,1,800,24
21/02/2013 00:00,3600,0,0,2.5,0.918,2.5,1,800,24
22/02/2013 00:00,3600,0,0,2.5,0.918,2.5,1,800,24
23/02/2013 00:00,3600,0,0,2.5,0.918,2.5,1,800,24
24/02/2013 00:00,3600,0,0,2.5,0.918,2.5,1,800,24
25/02/2013 00:00,3600,0,0,2.5,0.918,2.5,1,800,24
26/02/2013 00:00,3600,0,0,2.5,0.918,2.5,1,800,24
27/02/2013 00:00,3600,0,0,2.5,0.918,2.5,1,800,24
28/02/2013 00:00,3600,0,0,2.5,0.918,2.5,1,800,24
01/03/2013 00:00,3600,0,0,2.5,0.918,2.5,1,800,24
02/03/2013 00:00,3600,0,0,2.5,0.918,2.5,1,800,24
03/03/2013 00:00,3600,0,0,2.5,0.918,2.5,1,800,24
04/03/2013 00:00,3600,0,0,2.5,0.918,2.5,1,800,24
05/03/2013 00:00,3600,0,0,2.5,0.918,2.5,1,800,24
06/03/2013 00:00,3600,0,0,2.5,0.918,2.5,1,800,24
07/03/2013 00:00,3600,0,0,2.5,0.918,2.5,1,800,24
08/03/2013 00:00,3600,0,0,2.5,0.918,2.5,1,800,24
09/03/2013 00:00,3600,0,0,2.5,0.918,2.5,1,800,24
10/03/2013 00:00,3600,0,0,2.5,0.918,2.5,1,800,24
11/03/2013 00:00,3600,0,0,2.5,0.918,2.5,1,800,24
12/03/2013 00:00,3600,0,0,2.5,0.918,2.5,1,800,23.99
13/03/2013 00:00,3600,0,0,2.5,0.918,2.5,1,800,23.97
14/03/2013 00:00,3600,0,0,2.51,0.918,2.5,1,800,23.94
15/03/2013 00:00,3600,0,0,2.51,0.919,2.5,1,800,23.9
16/03/2013 00:00,3600,0,0,2.52,0.919,2.5,1,800,23.84
17/03/2013 00:00,3600,0,0,2.52,0.92,2.5,1,800,23.77
18/03/2013 00:00,3600,0,0,2.53,0.921,2.5,1,800,23.69
19/03/2013 00:00,3600,0,0,2.54,0.921,2.5,1,800,23.59
20/03/2013 00:00,3600,0,0,2.56,0.922,2.5,1,800,23.48
21/03/2013 00:00,3600,0,0,2.57,0.923,2.5,1,800,23.35
22/03/2013 00:00,3600,0,0,2.58,0.925,2.5,1,800,23.21
23/03/2013 00:00,3600,0,0,2.6,0.926,2.5,1,800,23.06
24/03/2013 00:00,3600,0,0,2.62,0.927,2.5,1,800,22.89
25/03/2013 00:00,3600,0,0,2.64,0.929,2.5,1,800,22.71
26/03/2013 00:00,3600,0,0,2.67,0.93,2.5,1,800,22.51
27/03/2013 00:00,3600,0,0,2.69,0.932,2.5,1,800,22.3
28/03/2013 00:00,3600,0,0,2.72,0.934,2.5,1,800,22.07
29/03/2013 00:00,3600,0,0,2.75,0.936,2.5,1,800,21.83
30/03/2013 00:00,3600,0,0,2.78,0.938,2.5,1,800,21.58
31/03/2013 00:00,3600,0,0,2.81,0.94,2.5,1,800,21.32
01/04/2013 00:00,3600,0,0,2.85,0.942,2.5,1,800,21.05
02/04/2013 00:00,3600,0,0,2.89,0.944,2.5,1,800,20.76
03/04/2013 00:00,3600,0,0,2.93,0.947,2.5,1,800,20.47
04/04/2013 00:00,3600,0,0,2.98,0.949,2.5,1,800,20.16
05/04/2013 00:00,3600,0,0,3.02,0.951,2.5,1,800,19.85
06/04/2013 00:00,3600,0,0,3.07,0.954,2.5,1,800,19.53
07/04/2013 00:00,3600,0,0,3.13,0.956,2.5,1,800,19.2
08/04/2013 00:00,3600,0,0,3.18,0.958,2.5,1,800,18.87
09/04/2013 00:00,3600,0,0,3.24,0.961,2.5,1,800,18.53
10/04/2013 00:00,3600,0,0,3.3,0.963,2.5,1,800,18.18
11/04/2013 00:00,3600,0,0,3.36,0.965,2.5,1,800,17.83
12/04/2013 00:00,3600,0,0,3.43,0.968,2.5,1,800,17.49
13/04/2013 00:00,3600,0,0,3.5,0.97,2.5,1,800,17.14
14/04/2013 00:00,3600,0,0,3.57,0.972,2.5,1,800,16.8
15/04/2013 00:00,3600,0,0,3.64,0.974,2.5,1,800,16.46
16/04/2013 00:00,3600,0,0,3.72,0.976,2.5,1,800,16.13
17/04/2013 00:00,3600,0,0,3.79,0.978,2.5,1,800,15.81
18/04/2013 00:00,3600,0,0,3.87,0.979,2.5,1,800,15.5
19/04/2013 00:00,3600,0,0,3.95,0.981,2.5,1,800,15.2
20/04/2013 00:00,3600,0,0,4.02,0.982,2.5,1,800,14.92
21/04/2013 00:00,3600,0,0,4.1,0.983,2.5,1,800,14.64
22/04/2013 00:00,3600,0,0,4.17,0.985,2.5,1,800,14.38
23/04/2013 00:00,3600,0,0,4.25,0.986,2.5,1,800,14.13
24/04/2013 00:00,3600,0,0,4.32,0.987,2.5,1,800,13.89
25/04/2013 00:00,3600,0,0,4.39,0.988,2.5,1,800,13.67
26/04/2013 00:00,3600,0,0,4.46,0.988,2.5,1,800,13.46
27/04/2013 00:00,3600,0,0,4.52,0.989,2.5,1,800,13.27
28/04/2013 00:00,3600,0,0,4.58,0.99,2.5,1,800,13.09
29/04/2013 00:00,3600,0,0,4.64,0.99,2.5,1,800,12.92
30/04/2013 00:00,3600,0,0,4.7,0.991,2.5,1,800,12.77
01/05/2013 00:00,3600,0,0,4.75,0.991,2.5,1,800,12.63
02/05/2013 00:00,3600,0,0,4.8,0.992,2.5,1,800,12.5
03/05/2013 00:00,3600,0,0,4.84,0.992,2.5,1,800,12.39
04/05/2013 00:00,3600,0,0,4.89,0.992,2.5,1,800,12.28
05/05/2013 00:00,3600,0,0,4.92,0.993,2.5,1,800,12.19
06/05/2013 00:00,3600,0,0,4.96,0.993,2.5,1,800,12.1
07/05/2013 00:00,3600,0,0,4.99,0.993,2.5,1,800,12.03
08/05/2013 00:00,3600,0,0,5.02,0.993,2.5,1,800,11.96
09/05/2013 00:00,3600,0,0,5.04,0.994,2.5,1,800,11.89
10/05/2013 00:00,3600,0,0,5.07,0.994,2.5,1,800,11.84
11/05/2013 00:00,3600,0,0,5.09,0.994,2.5,1,800,11.79
12/05/2013 00:00,3600,0,0,5.11,0.994,2.5,1,800,11.74
13/05/2013 00:00,3600,0,0,5.13,0.994,2.5,1,800,11.7
14/05/2013 00:00,3600,0,0,5.14,0.994,2.5,1,800,11.67
15/05/2013 00:00,3600,0,0,5.16,0.994,2.5,1,800,11.63
16/05/2013 00:00,3600,0,0,5.17,0.994,2.5,1,800,11.6
17/05/2013 00:00,3600,0,0,5.18,0.994,2.5,1,800,11.58
18/05/2013 00:00,3600,0,0,5.19,0.994,2.5,1,800,11.56
19/05/2013 00:00,3600,0,0,5.2,0.994,2.5,1,800,11.53
20/05/2013 00:00,3600,0,0,5.21,0.995,2.5,1,800,11.51
21/05/2013 00:00,3600,0,0,5.22,0.995,2.5,1,800,11.49
22/05/2013 00:00,3600,0,0,5.23,0.995,2.5,1,800,11.48
23/05/2013 00:00,3600,0,0,5.24,0.995,2.5,1,800,11.46
24/05/2013 00:00,3600,0,0,5.24,0.995,2.5,1,800,11.44
25/05/2013 00:00,3600,0,0,5.25,0.995,2.5,1,800,11.42
26/05/2013 00:00,3600,0,0,5.26,0.995,2.5,1,800,11.41
27/05/2013 00:00,3600,0,0,5.27,0.995,2.5,1,800,11.39
28/05/2013 00:00,3600,0,0,5.28,0.995,2.5,1,800,11.37
29/05/2013 00:00,3600,0,0,5.29,0.995,2.5,1,800,11.34
30/05/2013 00:00,3600,0,0,5.3,0.995,2.5,1,800,11.32
31/05/2013 00:00,3600,0,0,5.31,0.995,2.5,1,800,11.29
01/06/2013 00:00,3600,0,0,5.33,0.995,2.5,1,800,11.27
02/06/2013 00:00,3600,0,0,5.34,0.995,2.5,1,800,11.24
03/06/2013 00:00,3600,0,0,5.36,0.995,2.5,1,800,11.2
04/06/2013 00:00,3600,0,0,5.37,0.995,2.5,1,800,11.17
05/06/2013 00:00,3600,0,0,5.39,0.995,2.5,1,800,11.13
06/06/2013 00:00,3600,0,0,5.41,0.996,2.5,1,800,11.1
07/06/2013 00:00,3600,0,0,5.43,0.996,2.5,1,800,11.06
08/06/2013 00:00,3600,0,0,5.44,0.996,2.5,1,800,11.02
09/06/2013 00:00,3600,0,0,5.46,0.996,2.5,1,800,10.98
10/06/2013 00:00,3600,0,0,5.48,0.996,2.5,1,800,10.94
11/06/2013 00:00,3600,0,0,5.5,0.996,2.5,1,800,10.9
12/06/2013 00:00,3600,0,0,5.53,0.996,2.5,1,800,10.86
13/06/2013 00:00,3600,0,0,5.55,0.996,2.5,1,800,10.82
14/06/2013 00:00,3600,0,0,5.57,0.996,2.5,1,800,10.78
15/06/2013 00:00,3600,0,0,5.59,0.996,2.5,1,800,10.74
16/06/2013 00:00,3600,0,0,5.61,0.996,2.5,1,800,10.7
17/06/2013 00:00,3600,0,0,5.63,0.996,2.5,1,800,10.66
18/06/2013 00:00,3600,0,0,5.65,0.996,2.5,1,800,10.62
19/06/2013 00:00,3600,0,0,5.67,0.997,2.5,1,800,10.58
20/06/2013 00:00,3600,0,0,5.69,0.997,2.5,1,800,10.54
21/06/2013 00:00,3600,0,0,5.71,0.997,2.5,1,800,10.51
22/06/2013 00:00,3600,0,0,5.73,0.997,2.5,1,800,10.47
23/06/2013 00:00,3600,0,0,5.75,0.997,2.5,1,800,10.44
24/06/2013 00:00,3600,0,0,5.77,0.997,2.5,1,800,10.4
25/06/2013 00:00,3600,0,0,5.78,0.997,2.5,1,800,10.37
26/06/2013 00:00,3600,0,0,5.8,0.997,2.5,1,800,10.34
27/06/2013 00:00,3600,0,0,5.82,0.997,2.5,1,800,10.32
28/06/2013 00:00,3600,0,0,5.83,0.997,2.5,1,800,10.29
29/06/2013 00:00,3600,0,0,5.85,0.997,2.5,1,800,10.26
30/06/2013 00:00,3600,0,0,5.86,0.997,2.5,1,800,10.24
01/07/2013 00:00,3600,0,0,5.87,0.997,2.5,1,800,10.22
02/07/2013 00:00,3600,0,0,5.88,0.997,2.5,1,800,10.2
03/07/2013 00:00,3600,0,0,5.89,0.997,2.5,1,800,10.19
04/07/2013 00:00,3600,0,0,5.9,0.997,2.5,1,800,10.17
05/07/2013 00:00,3600,0,0,5.9,0.997,2.5,1,800,10.16
06/07/2013 00:00,3600,0,0,5.91,0.997,2.5,1,800,10.16
07/07/2013 00:00,3600,0,0,5.91,0.997,2.5,1,800,10.15
08/07/2013 00:00,3600,0,0,5.91,0.997,2.5,1,800,10.15
09/07/2013 00:00,3600,0,0,5.91,0.997,2.5,1,800,10.15
10/07/2013 00:00,3600,0,0,5.91,0.997,2.5,1,800,10.15
11/07/2013 00:00,3600,0,0,5.91,0.997,2.5,1,800,10.16
12/07/2013 00:00,3600,0,0,5.9,0.997,2.5,1,800,10.17
13/07/2013 00:00,3600,0,0,5.89,0.997,2.5,1,800,10.18
14/07/2013 00:00,3600,0,0,5.88,0.997,2.5,1,800,10.2
15/07/2013 00:00,3600,0,0,5.87,0.997,2.5,1,800,10.22
16/07/2013 00:00,3600,0,0,5.86,0.997,2.5,1,800,10.24
17/07/2013 00:00,3600,0,0,5.84,0.997,2.5,1,800,10.27
18/07/2013 00:00,3600,0,0,5.82,0.997,2.5,1,800,10.31
19/07/2013 00:00,3600,0,0,5.8,0.997,2.5,1,800,10.34
20/07/2013 00:00,3600,0,0,5.78,0.997,2.5,1,800,10.39
21/07/2013 00:00,3600,0,0,5.75,0.997,2.5,1,800,10.44
22/07/2013 00:00,3600,0,0,5.72,0.997,2.5,1,800,10.49
23/07/2013 00:00,3600,0,0,5.69,0.997,2.5,1,800,10.54
24/07/2013 00:00,3600,0,0,5.66,0.997,2.5,1,800,10.6
25/07/2013 00:00,3600,0,0,5.63,0.996,2.5,1,800,10.66
26/07/2013 00:00,3600,0,0,5.59,0.996,2.5,1,800,10.73
27/07/2013 00:00,3600,0,0,5.56,0.996,2.5,1,800,10.79
28/07/2013 00:00,3600,0,0,5.52,0.996,2.5,1,800,10.86
29/07/2013 00:00,3600,0,0,5.49,0.996,2.5,1,800,10.93
30/07/2013 00:00,3600,0,0,5.46,0.996,2.5,1,800,11
31/07/2013 00:00,3600,0,0,5.42,0.996,2.5,1,800,11.07
01/08/2013 00:00,3600,0,0,5.39,0.995,2.5,1,800,11.14
02/08/2013 00:00,3600,0,0,5.36,0.995,2.5,1,800,11.2
03/08/2013 00:00,3600,0,0,5.33,0.995,2.5,1,800,11.27
04/08/2013 00:00,3600,0,0,5.3,0.995,2.5,1,800,11.33
05/08/2013 00:00,3600,0,0,5.27,0.995,2.5,1,800,11.39
06/08/2013 00:00,3600,0,0,5.24,0.995,2.5,1,800,11.44
07/08/2013 00:00,3600,0,0,5.22,0.995,2.5,1,800,11.49
08/08/2013 00:00,3600,0,0,5.2,0.994,2.5,1,800,11.54
09/08/2013 00:00,3600,0,0,5.18,0.994,2.5,1,800,11.58
10/08/2013 00:00,3600,0,0,5.17,0.994,2.5,1,800,11.61
11/08/2013 00:00,3600,0,0,5.16,0.994,2.5,1,800,11.64
12/08/2013 00:00,3600,0,0,5.15,0.994,2.5,1,800,11.66
13/08/2013 00:00,3600,0,0,5.14,0.994,2.5,1,800,11.68
14/08/2013 00:00,3600,0,0,5.13,0.994,2.5,1,800,11.69
15/08/2013 00:00,3600,0,0,5.13,0.994,2.5,1,800,11.71
16/08/2013 00:00,3600,0,0,5.12,0.994,2.5,1,800,11.72
17/08/2013 00:00,3600,0,0,5.12,0.994,2.5,1,800,11.72
18/08/2013 00:00,3600,0,0,5.11,0.994,2.5,1,800,11.73
19/08/2013 00:00,3600,0,0,5.11,0.994,2.5,1,800,11.74
20/08/2013 00:00,3600,0,0,5.11,0.994,2.5,1,800,11.74
21/08/2013 00:00,3600,0,0,5.11,0.994,2.5,1,800,11.75
22/08/2013 00:00,3600,0,0,5.1,0.994,2.5,1,800,11.76
23/08/2013 00:00,3600,0,0,5.1,0.994,2.5,1,800,11.76
24/08/2013 00:00,3600,0,0,5.1,0.994,2.5,1,800,11.78
25/08/2013 00:00,3600,0,0,5.09,0.994,2.5,1,800,11.79
26/08/2013 00:00,3600,0,0,5.08,0.994,2.5,1,800,11.8
27/08/2013 00:00,3600,0,0,5.08,0.994,2.5,1,800,11.82
28/08/2013 00:00,3600,0,0,5.07,0.994,2.5,1,800,11.84
29/08/2013 00:00,3600,0,0,5.06,0.994,2.5,1,800,11.86
30/08/2013 00:00,3600,0,0,5.05,0.994,2.5,1,800,11.88
31/08/2013 00:00,3600,0,0,5.04,0.994,2.5,1,800,11.9
01/09/2013 00:00,3600,0,0,5.04,0.993,2.5,1,800,11.91
02/09/2013 00:00,3600,0,0,5.03,0.993,2.5,1,800,11.93
03/09/2013 00:00,3600,0,0,5.02,0.993,2.5,1,800,11.95
04/09/2013 00:00,3600,0,0,5.01,0.993,2.5,1,800,11.97
05/09/2013 00:00,3600,0,0,5.01,0.993,2.5,1,800,11.98
06/09/2013 00:00,3600,0,0,5,0.993,2.5,1,800,11.99
07/09/2013 00:00,3600,0,0,5,0.993,2.5,1,800,12
08/09/2013 00:00,3600,0,0,5,0.993,2.5,1,800,12.01
09/09/2013 00:00,3600,0,0,5,0.993,2.5,1,800,12.01
10/09/2013 00:00,3600,0,0,5,0.993,2.5,1,800,12.01
11/09/2013 00:00,3600,0,0,5,0.993,2.5,1,800,12.01
12/09/2013 00:00,3600,0,0,5,0.993,2.5,1,800,12.01
13/09/2013 00:00,3600,0,0,5,0.993,2.5,1,800,12.01
14/09/2013 00:00,3600,0,0,5,0.993,2.5,1,800,12
15/09/2013 00:00,3600,0,0,5,0.993,2.5,1,800,11.99
16/09/2013 00:00,3600,0,0,5.01,0.993,2.5,1,800,11.99
17/09/2013 00:00,3600,0,0,5.01,0.993,2.5,1,800,11.98
18/09/2013 00:00,3600,0,0,5.01,0.993,2.5,1,800,11.97
19/09/2013 00:00,3600,0,0,5.02,0.993,2.5,1,800,11.96
20/09/2013 00:00,3600,0,0,5.02,0.993,2.5,1,800,11.95
21/09/2013 00:00,3600,0,0,5.02,0.993,2.5,1,800,11.95
22/09/2013 00:00,3600,0,0,5.03,0.993,2.5,1,800,11.94
23/09/2013 00:00,3600,0,0,5.03,0.993,2.5,1,800,11.93
24/09/2013 00:00,3600,0,0,5.03,0.993,2.5,1,800,11.93
25/09/2013 00:00,3600,0,0,5.03,0.993,2.5,1,800,11.92
26/09/2013 00:00,3600,0,0,5.03,0.993,2.5,1,800,11.92
27/09/2013 00:00,3600,0,0,5.03,0.993,2.5,1,800,11.92
28/09/2013 00:00,3600,0,0,5.03,0.993,2.5,1,800,11.93
29/09/2013 00:00,3600,0,0,5.03,0.993,2.5,1,800,11.93
30/09/2013 00:00,3600,0,0,5.03,0.993,2.5,1,800,11.94
01/10/2013 00:00,3600,0,0,5.02,0.993,2.5,1,800,11.95
02/10/2013 00:00,3600,0,0,5.02,0.993,2.5,1,800,11.96
03/10/2013 00:00,3600,0,0,5.01,0.993,2.5,1,800,11.98
04/10/2013 00:00,3600,0,0,5,0.993,2.5,1,800,12
05/10/2013 00:00,3600,0,0,4.99,0.993,2.5,1,800,12.02
06/10/2013 00:00,3600,0,0,4.98,0.993,2.5,1,800,12.05
07/10/2013 00:00,3600,0,0,4.96,0.993,2.5,1,800,12.09
08/10/2013 00:00,3600,0,0,4.95,0.993,2.5,1,800,12.13
09/10/2013 00:00,3600,0,0,4.93,0.993,2.5,1,800,12.17
10/10/2013 00:00,3600,0,0,4.91,0.993,2.5,1,800,12.22
11/10/2013 00:00,3600,0,0,4.89,0.992,2.5,1,800,12.27
12/10/2013 00:00,3600,0,0,4.86,0.992,2.5,1,800,12.34
13/10/2013 00:00,3600,0,0,4.84,0.992,2.5,1,800,12.41
14/10/2013 00:00,3600,0,0,4.81,0.992,2.5,1,800,12.48
15/10/2013 00:00,3600,0,0,4.77,0.992,2.5,1,800,12.57
16/10/2013 00:00,3600,0,0,4.74,0.991,2.5,1,800,12.66
17/10/2013 00:00,3600,0,0,4.7,0.991,2.5,1,800,12.77
18/10/2013 00:00,3600,0,0,4.66,0.991,2.5,1,800,12.88
19/10/2013 00:00,3600,0,0,4.61,0.99,2.5,1,800,13
20/10/2013 00:00,3600,0,0,4.57,0.99,2.5,1,800,13.13
21/10/2013 00:00,3600,0,0,4.52,0.989,2.5,1,800,13.28
22/10/2013 00:00,3600,0,0,4.47,0.989,2.5,1,800,13.43
23/10/2013 00:00,3600,0,0,4.41,0.988,2.5,1,800,13.59
24/10/2013 00:00,3600,0,0,4.36,0.987,2.5,1,800,13.77
25/10/2013 00:00,3600,0,0,4.3,0.986,2.5,1,800,13.95
26/10/2013 00:00,3600,0,0,4.24,0.986,2.5,1,800,14.14
27/10/2013 00:00,3600,0,0,4.18,0.985,2.5,1,800,14.34
28/10/2013 00:00,3600,0,0,4.12,0.984,2.5,1,800,14.56
29/10/2013 00:00,3600,0,0,4.06,0.983,2.5,1,800,14.78
30/10/2013 00:00,3600,0,0,4,0.982,2.5,1,800,15.01
31/10/2013 00:00,3600,0,0,3.93,0.98,2.5,1,800,15.25
01/11/2013 00:00,3600,0,0,3.87,0.979,2.5,1,800,15.5
02/11/2013 00:00,3600,0,0,3.81,0.978,2.5,1,800,15.76
03/11/2013 00:00,3600,0,0,3.74,0.976,2.5,1,800,16.03
04/11/2013 00:00,3600,0,0,3.68,0.975,2.5,1,800,16.31
05/11/2013 00:00,3600,0,0,3.62,0.973,2.5,1,800,16.59
06/11/2013 00:00,3600,0,0,3.55,0.971,2.5,1,800,16.88
07/11/2013 00:00,3600,0,0,3.49,0.97,2.5,1,800,17.18
08/11/2013 00:00,3600,0,0,3.43,0.968,2.5,1,800,17.49
09/11/2013 00:00,3600,0,0,3.37,0.966,2.5,1,800,17.8
10/11/2013 00:00,3600,0,0,3.31,0.964,2.5,1,800,18.11
11/11/2013 00:00,3600,0,0,3.26,0.961,2.5,1,800,18.43
12/11/2013 00:00,3600,0,0,3.2,0.959,2.5,1,800,18.75
13/11/2013 00:00,3600,0,0,3.15,0.957,2.5,1,800,19.07
14/11/2013 00:00,3600,0,0,3.1,0.955,2.5,1,800,19.38
15/11/2013 00:00,3600,0,0,3.05,0.952,2.5,1,800,19.69
16/11/2013 00:00,3600,0,0,3,0.95,2.5,1,800,20
17/11/2013 00:00,3600,0,0,2.96,0.948,2.5,1,800,20.3
18/11/2013 00:00,3600,0,0,2.91,0.946,2.5,1,800,20.59
19/11/2013 00:00,3600,0,0,2.88,0.944,2.5,1,800,20.86
20/11/2013 00:00,3600,0,0,2.84,0.942,2.5,1,800,21.13
21/11/2013 00:00,3600,0,0,2.81,0.94,2.5,1,800,21.39
22/11/2013 00:00,3600,0,0,2.77,0.938,2.5,1,800,21.64
23/11/2013 00:00,3600,0,0,2.74,0.936,2.5,1,800,21.87
24/11/2013 00:00,3600,0,0,2.72,0.934,2.5,1,800,22.09
25/11/2013 00:00,3600,0,0,2.69,0.932,2.5,1,800,22.3
26/11/2013 00:00,3600,0,0,2.67,0.931,2.5,1,800,22.5
27/11/2013 00:00,3600,0,0,2.65,0.929,2.5,1,800,22.68
28/11/2013 00:00,3600,0,0,2.63,0.928,2.5,1,800,22.85
29/11/2013 00:00,3600,0,0,2.61,0.926,2.5,1,800,23.01
30/11/2013 00:00,3600,0,0,2.59,0.925,2.5,1,800,23.16
01/12/2013 00:00,3600,0,0,2.58,0.924,2.5,1,800,23.29
02/12/2013 00:00,3600,0,0,2.56,0.923,2.5,1,800,23.41
03/12/2013 00:00,3600,0,0,2.55,0.922,2.5,1,800,23.52
04/12/2013 00:00,3600,0,0,2.54,0.921,2.5,1,800,23.62
05/12/2013 00:00,3600,0,0,2.53,0.92,2.5,1,800,23.7
06/12/2013 00:00,3600,0,0,2.52,0.92,2.5,1,800,23.78
07/12/2013 00:00,3600,0,0,2.52,0.919,2.5,1,800,23.85
08/12/2013 00:00,3600,0,0,2.51,0.919,2.5,1,800,23.9
09/12/2013 00:00,3600,0,0,2.51,0.918,2.5,1,800,23.95
10/12/2013 00:00,3600,0,0,2.5,0.918,2.5,1,800,23.99
11/12/2013 00:00,3600,0,0,2.5,0.918,2.5,1,800,24
12/12/2013 00:00,3600,0,0,2.5,0.918,2.5,1,800,24
13/12/2013 00:00,3600,0,0,2.5,0.918,2.5,1,800,24
14/12/2013 00:00,3600,0,0,2.5,0.918,2.5,1,800,24
15/12/2013 00:00,3600,0,0,2.5,0.918,2.5,1,800,24
16/12/2013 00:00,3600,0,0,2.5,0.918,2.5,1,800,24
17/12/2013 00:00,3600,0,0,2.5,0.918,2.5,1,800,24
18/12/2013 00:00,3600,0,0,2.5,0.918,2.5,1,800,24
19/12/2013 00:00,3600,0,0,2.5,0.918,2.5,1,800,24
20/12/2013 00:00,3600,0,0,2.5,0.918,2.5,1,800,24
21/12/2013 00:00,3600,0,0,2.5,0.918,2.5,1,800,24
22/12/2013 00:00,3600,0,0,2.5,0.918,2.5,1,800,24
23/12/2013 00:00,3600,0,0,2.5,0.918,2.5,1,800,24
24/12/2013 00:00,3600,0,0,2.5,0.918,2.5,1,800,24
25/12/2013 00:00,3600,0,0,2.5,0.918,2.5,1,800,24
26/12/2013 00:00,3600,0,0,2.5,0.918,2.5,1,800,24
27/12/2013 00:00,3600,0,0,2.5,0.918,2.5,1,800,24
28/12/2013 00:00,3600,0,0,2.5,0.918,2.5,1,800,24
29/12/2013 00:00,3600,0,0,2.5,0.918,2.5,1,800,24
30/12/2013 00:00,3600,0,0,2.5,0.918,2.5,1,800,24
31/12/2013 00:00,3600,0,0,2.5,0.918,2.5,1,800,24
01/01/2014 00:00,3600,0,0,2.5,0.918,2.5,1,800,24
02/01/2014 00:00,3600,0,0,2.5,0.918,2.5,1,800,24
03/01/2014 00:00,3600,0,0,2.5,0.918,2.5,1,800,24
04/01/2014 00:00,3600,0,0,2.5,0.918,2.5,1,800,24
05/01/2014 00:00,3600,0,0,2.5,0.918,2.5,1,800,24
06/01/2014 00:00,3600,0,0,2.5,0.918,2.5,1,800,24
07/01/2014 00:00,3600,0,0,2.5,0.918,2.5,1,800,24
08/01/2014 00:00,3600,0,0,2.5,0.918,2.5,1,800,24
09/01/2014 00:00,3600,0,0,2.5,0.918,2.5,1,800,24
10/01/2014 00:00,3600,0,0,2.5,0.918,2.5,1,800,24
11/01/2014 00:00,3600,0,0,2.5,0.918,2.5,1,800,24
12/01/2014 00:00,3600,0,0,2.5,0.918,2.5,1,800,24
13/01/2014 00:00,3600,0,0,2.5,0.918,2.5,1,800,24
14/01/2014 00:00,3600,0,0,2.5,0.918,2.5,1,800,24
15/01/2014 00:00,3600,0,0,2.5,0.918,2.5,1,800,24
16/01/2014 00:00,3600,0,0,2.5,0.918,2.5,1,800,24
17/01/2014 00:00,3600,0,0,2.5,0.918,2.5,1,800,24
18/01/2014 00:00,3600,0,0,2.5,0.918,2.5,1,800,24
19/01/2014 00:00,3600,0,0,2.5,0.918,2.5,1,800,24
20/01/2014 00:00,3600,0,0,2.5,0.918,2.5,1,800,24
21/01/2014 00:00,3600,0,0,2.5,0.918,2.5,1,800,24
22/01/2014 00:00,3600,0,0,2.5,0.918,2.5,1,800,24
23/01/2014 00:00,3600,0,0,2.5,0.918,2.5,1,800,24
24/01/2014 00:00,3600,0,0,2.5,0.918,2.5,1,800,24
25/01/2014 00:00,3600,0,0,2.5,0.918,2.5,1,800,24
26/01/2014 00:00,3600,0,0,2.5,0.918,2.5,1,800,24
27/01/2014 00:00,3600,0,0,2.5,0.918,2.5,1,800,24
28/01/2014 00:00,3600,0,0,2.5,0.918,2.5,1,800,24
29/01/2014 00:00,3600,0,0,2.5,0.918,2.5,1,800,24
30/01/2014 00:00,3600,0,0,2.5,0.918,2.5,1,800,24
31/01/2014 00:00,3600,0,0,2.5,0.918,2.5,1,800,24
01/02/2014 00:00,3600,0,0,2.5,0.918,2.5,1,800,24
02/02/2014 00:00,3600,0,0,2.5,0.918,2.5,1,800,24
03/02/2014 00:00,3600,0,0,2.5,0.918,2.5,1,800,24
04/02/2014 00:00,3600,0,0,2.5,0.918,2.5,1,800,24
05/02/2014 00:00,3600,0,0,2.5,0.918,2.5,1,800,24
06/02/2014 00:00,3600,0,0,2.5,0.918,2.5,1,800,24
07/02/2014 00:00,3600,0,0,2.5,0.918,2.5,1,800,24
08/02/2014 00:00,3600,0,0,2.5,0.918,2.5,1,800,24
09/02/2014 00:00,3600,0,0,2.5,0.918,2.5,1,800,24
10/02/2014 00:00,3600,0,0,2.5,0.918,2.5,1,800,24
11/02/2014 00:00,3600,0,0,2.5,0.918,2.5,1,800,24
12/02/2014 00:00,3600,0,0,2.5,0.918,2.5,1,800,24
13/02/2014 00:00,3600,0,0,2.5,0.918,2.5,1,800,24
14/02/2014 00:00,3600,0,0,2.5,0.918,2.5,1,800,24
15/02/2014 00:00,3600,0,0,2.5,0.918,2.5,1,800,24
16/02/2014 00:00,3600,0,0,2.5,0.918,2.5,1,800,24
17/02/2014 00:00,3600,0,0,2.5,0.918,2.5,1,800,24
18/02/2014 00:00,3600,0,0,2.5,0.918,2.5,1,800,24
19/02/2014 00:00,3600,0,0,2.5,0.918,2.5,1,800,24
20/02/2014 00:00,3600,0,0,2.5,0.918,2.5,1,800,24
21/02/2014 00:00,3600,0,0,2.5,0.918,2.5,1,800,24
22/02/2014 00:00,3600,0,0,2.5,0.918,2.5,1,800,24
23/02/2014 00:00,3600,0,0,2.5,0.918,2.5,1,800,24
24/02/2014 00:00,3600,0,0,2.5,0.918,2.5,1,800,24
25/02/2014 00:00,3600,0,0,2.5,0.918,2.5,1,800,24
26/02/2014 00:00,3600,0,0,2.5,0.918,2.5,1,800,24
27/02/2014 00:00,3600,0,0,2.5,0.918,2.5,1,800,24
28/02/2014 00:00,3600,0,0,2.5,0.918,2.5,1,800,24
01/03/2014 00:00,3600,0,0,2.5,0.918,2.5,1,800,24
02/03/2014 00:00,3600,0,0,2.5,0.918,2.5,1,800,24
03/03/2014 00:00,3600,0,0,2.5,0.918,2.5,1,800,24
04/03/2014 00:00,3600,0,0,2.5,0.918,2.5,1,800,24
05/03/2014 00:00,3600,0,0,2.5,0.918,2.5,1,800,24
06/03/2014 00:00,3600,0,0,2.5,0.918,2.5,1,800,24
07/03/2014 00:00,3600,0,0,2.5,0.918,2.5,1,800,24
08/03/2014 00:00,3600,0,0,2.5,0.918,2.5,1,800,24
09/03/2014 00:00,3600,0,0,2.5,0.918,2.5,1,800,24
10/03/2014 00:00,3600,0,0,2.5,0.918,2.5,1,800,24
11/03/2014 00:00,3600,0,0,2.5,0.918,2.5,1,800,24
12/03/2014 00:00,3600,0,0,2.5,0.918,2.5,1,800,23.99
13/03/2014 00:00,3600,0,0,2.5,0.918,2.5,1,800,23.97
14/03/2014 00:00,3600,0,0,2.51,0.918,2.5,1,800,23.94
15/03/2014 00:00,3600,0,0,2.51,0.919,2.5,1,800,23.9
16/03/2014 00:00,3600,0,0,2.52,0.919,2.5,1,800,23.84
17/03/2014 00:00,3600,0,0,2.52,0.92,2.5,1,800,23.77
18/03/2014 00:00,3600,0,0,2.53,0.921,2.5,1,800,23.69
19/03/2014 00:00,3600,0,0,2.54,0.921,2.5,1,800,23.59
20/03/2014 00:00,3600,0,0,2.56,0.922,2.5,1,800,23.48
21/03/2014 00:00,3600,0,0,2.57,0.923,2.5,1,800,23.35
22/03/2014 00:00,3600,0,0,2.58,0.925,2.5,1,800,23.21
23/03/2014 00:00,3600,0,0,2.6,0.926,2.5,1,800,23.06
24/03/2014 00:00,3600,0,0,2.62,0.927,2.5,1,800,22.89
25/03/2014 00:00,3600,0,0,2.64,0.929,2.5,1,800,22.71
26/03/2014 00:00,3600,0,0,2.67,0.93,2.5,1,800,22.51
27/03/2014 00:00,3600,0,0,2.69,0.932,2.5,1,800,22.3
28/03/2014 00:00,3600,0,0,2.72,0.934,2.5,1,800,22.07
29/03/2014 00:00,3600,0,0,2.75,0.936,2.5,1,800,21.83
30/03/2014 00:00,3600,0,0,2.78,0.938,2.5,1,800,21.58
31/03/2014 00:00,3600,0,0,2.81,0.94,2.5,1,800,21.32
01/04/2014 00:00,3600,0,0,2.85,0.942,2.5,1,800,21.05
02/04/2014 00:00,3600,0,0,2.89,0.944,2.5,1,800,20.76
03/04/2014 00:00,3600,0,0,2.93,0.947,2.5,1,800,20.47
04/04/2014 00:00,3600,0,0,2.98,0.949,2.5,1,800,20.16
05/04/2014 00:00,3600,0,0,3.02,0.951,2.5,1,800,19.85
06/04/2014 00:00,3600,0,0,3.07,0.954,2.5,1,800,19.53
07/04/2014 00:00,3600,0,0,3.13,0.956,2.5,1,800,19.2
08/04/2014 00:00,3600,0,0,3.18,0.958,2.5,1,800,18.87
09/04/2014 00:00,3600,0,0,3.24,0.961,2.5,1,800,18.53
10/04/2014 00:00,3600,0,0,3.3,0.963,2.5,1,800,18.18
11/04/2014 00:00,3600,0,0,3.36,0.965,2.5,1,800,17.83
12/04/2014 00:00,3600,0,0,3.43,0.968,2.5,1,800,17.49
13/04/2014 00:00,3600,0,0,3.5,0.97,2.5,1,800,17.14
14/04/2014 00:00,3600,0,0,3.57,0.972,2.5,1,800,16.8
15/04/2014 00:00,3600,0,0,3.64,0.974,2.5,1,800,16.46
16/04/2014 00:00,3600,0,0,3.72,0.976,2.5,1,800,16.13
17/04/2014 00:00,3600,0,0,3.79,0.978,2.5,1,800,15.81
18/04/2014 00:00,3600,0,0,3.87,0.979,2.5,1,800,15.5
19/04/2014 00:00,3600,0,0,3.95,0.981,2.5,1,800,15.2
20/04/2014 00:00,3600,0,0,4.02,0.982,2.5,1,800,14.92
21/04/2014 00:00,3600,0,0,4.1,0.983,2.5,1,800,14.64
22/04/2014 00:00,3600,0,0,4.17,0.985,2.5,1,800,14.38
23/04/2014 00:00,3600,0,0,4.25,0.986,2.5,1,800,14.13
24/04/2014 00:00,3600,0,0,4.32,0.987,2.5,1,800,13.89
25/04/2014 00:00,3600,0,0,4.39,0.988,2.5,1,800,13.67
26/04/2014 00:00,3600,0,0,4.46,0.988,2.5,1,800,13.46
27/04/2014 00:00,3600,0,0,4.52,0.989,2.5,1,800,13.27
28/04/2014 00:00,3600,0,0,4.58,0.99,2.5,1,800,13.09
29/04/2014 00:00,3600,0,0,4.64,0.99,2.5,1,800,12.92
30/04/2014 00:00,3600,0,0,4.7,0.991,2.5,1,800,12.77
01/05/2014 00:00,3600,0,0,4.75,0.991,2.5,1,800,12.63
02/05/2014 00:00,3600,0,0,4.8,0.992,2.5,1,800,12.5
03/05/2014 00:00,3600,0,0,4.84,0.992,2.5,1,800,12.39
04/05/2014 00:00,3600,0,0,4.89,0.992,2.5,1,800,12.28
05/05/2014 00:00,3600,0,0,4.92,0.993,2.5,1,800,12.19
06/05/2014 00:00,3600,0,0,4.96,0.993,2.5,1,800,12.1
07/05/2014 00:00,3600,0,0,4.99,0.993,2.5,1,800,12.03
08/05/2014 00:00,3600,0,0,5.02,0.993,2.5,1,800,11.96
09/05/2014 00:00,3600,0,0,5.04,0.994,2.5,1,800,11.89
10/05/2014 00:00,3600,0,0,5.07,0.994,2.5,1,800,11.84
11/05/2014 00:00,3600,0,0,5.09,0.994,2.5,1,800,11.79
12/05/2014 00:00,3600,0,0,5.11,0.994,2.5,1,800,11.74
13/05/2014 00:00,3600,0,0,5.13,0.994,2.5,1,800,11.7
14/05/2014 00:00,3600,0,0,5.14,0.994,2.5,1,800,11.67
15/05/2014 00:00,3600,0,0,5.16,0.994,2.5,1,800,11.63
16/05/2014 00:00,3600,0,0,5.17,0.994,2.5,1,800,11.61
17/05/2014 00:00,3600,0,0,5.18,0.994,2.5,1,800,11.58
18/05/2014 00:00,3600,0,0,5.19,0.994,2.5,1,800,11.56
19/05/2014 00:00,3600,0,0,5.2,0.994,2.5,1,800,11.53
20/05/2014 00:00,3600,0,0,5.21,0.995,2.5,1,800,11.51
21/05/2014 00:00,3600,0,0,5.22,0.995,2.5,1,800,11.49
22/05/2014 00:00,3600,0,0,5.23,0.995,2.5,1,800,11.48
23/05/2014 00:00,3600,0,0,5.24,0.995,2.5,1,800,11.46
24/05/2014 00:00,3600,0,0,5.24,0.995,2.5,1,800,11.44
25/05/2014 00:00,3600,0,0,5.25,0.995,2.5,1,800,11.42
26/05/2014 00:00,3600,0,0,5.26,0.995,2.5,1,800,11.41
27/05/2014 00:00,3600,0,0,5.27,0.995,2.5,1,800,11.39
28/05/2014 00:00,3600,0,0,5.28,0.995,2.5,1,800,11.37
29/05/2014 00:00,3600,0,0,5.29,0.995,2.5,1,800,11.34
30/05/2014 00:00,3600,0,0,5.3,0.995,2.5,1,800,11.32
31/05/2014 00:00,3600,0,0,5.31,0.995,2.5,1,800,11.29
01/06/2014 00:00,3600,0,0,5.33,0.995,2.5,1,800,11.27
02/06/2014 00:00,3600,0,0,5.34,0.995,2.5,1,800,11.23
03/06/2014 00:00,3600,0,0,5.36,0.995,2.5,1,800,11.2
04/06/2014 00:00,3600,0,0,5.37,0.995,2.5,1,800,11.17
05/06/2014 00:00,3600,0,0,5.39,0.995,2.5,1,800,11.13
06/06/2014 00:00,3600,0,0,5.41,0.996,2.5,1,800,11.1
07/06/2014 00:00,3600,0,0,5.43,0.996,2.5,1,800,11.06
08/06/2014 00:00,3600,0,0,5.44,0.996,2.5,1,800,11.02
09/06/2014 00:00,3600,0,0,5.46,0.996,2.5,1,800,10.98
10/06/2014 00:00,3600,0,0,5.48,0.996,2.5,1,800,10.94
11/06/2014 00:00,3600,0,0,5.5,0.996,2.5,1,800,10.9
12/06/2014 00:00,3600,0,0,5.53,0.996,2.5,1,800,10.86
13/06/2014 00:00,3600,0,0,5.55,0.996,2.5,1,800,10.82
14/06/2014 00:00,3600,0,0,5.57,0.996,2.5,1,800,10.78
15/06/2014 00:00,3600,0,0,5.59,0.996,2.5,1,800,10.74
16/06/2014 00:00,3600,0,0,5.61,0.996,2.5,1,800,10.7
17/06/2014 00:00,3600,0,0,5.63,0.996,2.5,1,800,10.66
18/06/2014 00:00,3600,0,0,5.65,0.996,2.5,1,800,10.62
19/06/2014 00:00,3600,0,0,5.67,0.997,2.5,1,800,10.58
20/06/2014 00:00,3600,0,0,5.69,0.997,2.5,1,800,10.54
21/06/2014 00:00,3600,0,0,5.71,0.997,2.5,1,800,10.51
22/06/2014 00:00,3600,0,0,5.73,0.997,2.5,1,800,10.47
23/06/2014 00:00,3600,0,0,5.75,0.997,2.5,1,800,10.44
24/06/2014 00:00,3600,0,0,5.77,0.997,2.5,1,800,10.4
25/06/2014 00:00,3600,0,0,5.78,0.997,2.5,1,800,10.37
26/06/2014 00:00,3600,0,0,5.8,0.997,2.5,1,800,10.34
27/06/2014 00:00,3600,0,0,5.82,0.997,2.5,1,800,10.32
28/06/2014 00:00,3600,0,0,5.83,0.997,2.5,1,800,10.29
29/06/2014 00:00,3600,0,0,5.85,0.997,2.5,1,800,10.26
30/06/2014 00:00,3600,0,0,5.86,0.997,2.5,1,800,10.24
01/07/2014 00:00,3600,0,0,5.87,0.997,2.5,1,800,10.22
02/07/2014 00:00,3600,0,0,5.88,0.997,2.5,1,800,10.2
03/07/2014 00:00,3600,0,0,5.89,0.997,2.5,1,800,10.19
04/07/2014 00:00,3600,0,0,5.9,0.997,2.5,1,800,10.17
05/07/2014 00:00,3600,0,0,5.9,0.997,2.5,1,800,10.16
06/07/2014 00:00,3600,0,0,5.91,0.997,2.5,1,800,10.15
07/07/2014 00:00,3600,0,0,5.91,0.997,2.5,1,800,10.15
08/07/2014 00:00,3600,0,0,5.91,0.997,2.5,1,800,10.15
09/07/2014 00:00,3600,0,0,5.91,0.997,2.5,1,800,10.15
10/07/2014 00:00,3600,0,0,5.91,0.997,2.5,1,800,10.15
11/07/2014 00:00,3600,0,0,5.91,0.997,2.5,1,800,10.16
12/07/2014 00:00,3600,0,0,5.9,0.997,2.5,1,800,10.17
13/07/2014 00:00,3600,0,0,5.89,0.997,2.5,1,800,10.18
14/07/2014 00:00,3600,0,0,5.88,0.997,2.5,1,800,10.2
15/07/2014 00:00,3600,0,0,5.87,0.997,2.5,1,800,10.22
16/07/2014 00:00,3600,0,0,5.86,0.997,2.5,1,800,10.24
17/07/2014 00:00,3600,0,0,5.84,0.997,2.5,1,800,10.27
18/07/2014 00:00,3600,0,0,5.82,0.997,2.5,1,800,10.31
19/07/2014 00:00,3600,0,0,5.8,0.997,2.5,1,800,10.34
20/07/2014 00:00,3600,0,0,5.78,0.997,2.5,1,800,10.39
21/07/2014 00:00,3600,0,0,5.75,0.997,2.5,1,800,10.44
22/07/2014 00:00,3600,0,0,5.72,0.997,2.5,1,800,10.49
23/07/2014 00:00,3600,0,0,5.69,0.997,2.5,1,800,10.54
24/07/2014 00:00,3600,0,0,5.66,0.997,2.5,1,800,10.6
25/07/2014 00:00,3600,0,0,5.63,0.996,2.5,1,800,10.66
26/07/2014 00:00,3600,0,0,5.59,0.996,2.5,1,800,10.73
27/07/2014 00:00,3600,0,0,5.56,0.996,2.5,1,800,10.79
28/07/2014 00:00,3600,0,0,5.52,0.996,2.5,1,800,10.86
29/07/2014 00:00,3600,0,0,5.49,0.996,2.5,1,800,10.93
30/07/2014 00:00,3600,0,0,5.46,0.996,2.5,1,800,11
31/07/2014 00:00,3600,0,0,5.42,0.996,2.5,1,800,11.07
01/08/2014 00:00,3600,0,0,5.39,0.995,2.5,1,800,11.14
02/08/2014 00:00,3600,0,0,5.36,0.995,2.5,1,800,11.2
03/08/2014 00:00,3600,0,0,5.32,0.995,2.5,1,800,11.27
04/08/2014 00:00,3600,0,0,5.3,0.995,2.5,1,800,11.33
05/08/2014 00:00,3600,0,0,5.27,0.995,2.5,1,800,11.39
06/08/2014 00:00,3600,0,0,5.24,0.995,2.5,1,800,11.44
07/08/2014 00:00,3600,0,0,5.22,0.995,2.5,1,800,11.49
08/08/2014 00:00,3600,0,0,5.2,0.994,2.5,1,800,11.54
09/08/2014 00:00,3600,0,0,5.18,0.994,2.5,1,800,11.58
10/08/2014 00:00,3600,0,0,5.17,0.994,2.5,1,800,11.61
11/08/2014 00:00,3600,0,0,5.16,0.994,2.5,1,800,11.64
12/08/2014 00:00,3600,0,0,5.15,0.994,2.5,1,800,11.66
13/08/2014 00:00,3600,0,0,5.14,0.994,2.5,1,800,11.68
14/08/2014 00:00,3600,0,0,5.13,0.994,2.5,1,800,11.69
15/08/2014 00:00,3600,0,0,5.13,0.994,2.5,1,800,11.7
16/08/2014 00:00,3600,0,0,5.12,0.994,2.5,1,800,11.71
17/08/2014 00:00,3600,0,0,5.12,0.994,2.5,1,800,11.72
18/08/2014 00:00,3600,0,0,5.12,0.994,2.5,1,800,11.73
19/08/2014 00:00,3600,0,0,5.11,0.994,2.5,1,800,11.73
20/08/2014 00:00,3600,0,0,5.11,0.994,2.5,1,800,11.74
21/08/2014 00:00,3600,0,0,5.11,0.994,2.5,1,800,11.75
22/08/2014 00:00,3600,0,0,5.1,0.994,2.5,1,800,11.75
23/08/2014 00:00,3600,0,0,5.1,0.994,2.5,1,800,11.76
24/08/2014 00:00,3600,0,0,5.09,0.994,2.5,1,800,11.78
25/08/2014 00:00,3600,0,0,5.09,0.994,2.5,1,800,11.79
26/08/2014 00:00,3600,0,0,5.08,0.994,2.5,1,800,11.81
27/08/2014 00:00,3600,0,0,5.07,0.994,2.5,1,800,11.83
28/08/2014 00:00,3600,0,0,5.07,0.994,2.5,1,800,11.84
29/08/2014 00:00,3600,0,0,5.06,0.994,2.5,1,800,11.86
30/08/2014 00:00,3600,0,0,5.05,0.994,2.5,1,800,11.88
31/08/2014 00:00,3600,0,0,5.04,0.994,2.5,1,800,11.9
01/09/2014 00:00,3600,0,0,5.03,0.993,2.5,1,800,11.92
02/09/2014 00:00,3600,0,0,5.03,0.993,2.5,1,800,11.94
03/09/2014 00:00,3600,0,0,5.02,0.993,2.5,1,800,11.96
04/09/2014 00:00,3600,0,0,5.01,0.993,2.5,1,800,11.97
05/09/2014 00:00,3600,0,0,5.01,0.993,2.5,1,800,11.98
06/09/2014 00:00,3600,0,0,5,0.993,2.5,1,800,11.99
07/09/2014 00:00,3600,0,0,5,0.993,2.5,1,800,12
08/09/2014 00:00,3600,0,0,5,0.993,2.5,1,800,12
09/09/2014 00:00,3600,0,0,5,0.993,2.5,1,800,12
10/09/2014 00:00,3600,0,0,5,0.993,2.5,1,800,12
11/09/2014 00:00,3600,0,0,5,0.993,2.5,1,800,11.99
12/09/2014 00:00,3600,0,0,5.01,0.993,2.5,1,800,11.99
13/09/2014 00:00,3600,0,0,5.01,0.993,2.5,1,800,11.98
14/09/2014 00:00,3600,0,0,5.01,0.993,2.5,1,800,11.96
15/09/2014 00:00,3600,0,0,5.02,0.993,2.5,1,800,11.95
16/09/2014 00:00,3600,0,0,5.03,0.993,2.5,1,800,11.94
17/09/2014 00:00,3600,0,0,5.03,0.993,2.5,1,800,11.92
18/09/2014 00:00,3600,0,0,5.04,0.994,2.5,1,800,11.9
19/09/2014 00:00,3600,0,0,5.05,0.994,2.5,1,800,11.89
20/09/2014 00:00,3600,0,0,5.05,0.994,2.5,1,800,11.87
21/09/2014 00:00,3600,0,0,5.06,0.994,2.5,1,800,11.86
22/09/2014 00:00,3600,0,0,5.07,0.994,2.5,1,800,11.84
23/09/2014 00:00,3600,0,0,5.07,0.994,2.5,1,800,11.83
24/09/2014 00:00,3600,0,0,5.08,0.994,2.5,1,800,11.81
25/09/2014 00:00,3600,0,0,5.08,0.994,2.5,1,800,11.8
26/09/2014 00:00,3600,0,0,5.09,0.994,2.5,1,800,11.79
27/09/2014 00:00,3600,0,0,5.09,0.994,2.5,1,800,11.78
28/09/2014 00:00,3600,0,0,5.09,0.994,2.5,1,800,11.78
29/09/2014 00:00,3600,0,0,5.1,0.994,2.5,1,800,11.77
30/09/2014 00:00,3600,0,0,5.1,0.994,2.5,1,800,11.77
01/10/2014 00:00,3600,0,0,5.1,0.994,2.5,1,800,11.77
02/10/2014 00:00,3600,0,0,5.09,0.994,2.5,1,800,11.78
03/10/2014 00:00,3600,0,0,5.09,0.994,2.5,1,800,11.79
04/10/2014 00:00,3600,0,0,5.08,0.994,2.5,1,800,11.8
05/10/2014 00:00,3600,0,0,5.08,0.994,2.5,1,800,11.82
06/10/2014 00:00,3600,0,0,5.07,0.994,2.5,1,800,11.84
07/10/2014 00:00,3600,0,0,5.06,0.994,2.5,1,800,11.87
08/10/2014 00:00,3600,0,0,5.04,0.994,2.5,1,800,11.9
09/10/2014 00:00,3600,0,0,5.03,0.993,2.5,1,800,11.94
10/10/2014 00:00,3600,0,0,5.01,0.993,2.5,1,800,11.98
11/10/2014 00:00,3600,0,0,4.99,0.993,2.5,1,800,12.03
12/10/2014 00:00,3600,0,0,4.96,0.993,2.5,1,800,12.09
13/10/2014 00:00,3600,0,0,4.94,0.993,2.5,1,800,12.16
14/10/2014 00:00,3600,0,0,4.91,0.993,2.5,1,800,12.23
15/10/2014 00:00,3600,0,0,4.87,0.992,2.5,1,800,12.31
16/10/2014 00:00,3600,0,0,4.84,0.992,2.5,1,800,12.4
17/10/2014 00:00,3600,0,0,4.8,0.992,2.5,1,800,12.5
18/10/2014 00:00,3600,0,0,4.76,0.991,2.5,1,800,12.61
19/10/2014 00:00,3600,0,0,4.71,0.991,2.5,1,800,12.73
20/10/2014 00:00,3600,0,0,4.66,0.991,2.5,1,800,12.86
21/10/2014 00:00,3600,0,0,4.61,0.99,2.5,1,800,13.01
22/10/2014 00:00,3600,0,0,4.56,0.99,2.5,1,800,13.16
23/10/2014 00:00,3600,0,0,4.5,0.989,2.5,1,800,13.32
24/10/2014 00:00,3600,0,0,4.45,0.988,2.5,1,800,13.5
25/10/2014 00:00,3600,0,0,4.38,0.988,2.5,1,800,13.68
26/10/2014 00:00,3600,0,0,4.32,0.987,2.5,1,800,13.88
27/10/2014 00:00,3600,0,0,4.26,0.986,2.5,1,800,14.09
28/10/2014 00:00,3600,0,0,4.2,0.985,2.5,1,800,14.3
29/10/2014 00:00,3600,0,0,4.13,0.984,2.5,1,800,14.53
30/10/2014 00:00,3600,0,0,4.06,0.983,2.5,1,800,14.77
31/10/2014 00:00,3600,0,0,4,0.982,2.5,1,800,15.02
01/11/2014 00:00,3600,0,0,3.93,0.98,2.5,1,800,15.28
02/11/2014 00:00,3600,0,0,3.86,0.979,2.5,1,800,15.54
03/11/2014 00:00,3600,0,0,3.79,0.977,2.5,1,800,15.82
04/11/2014 00:00,3600,0,0,3.72,0.976,2.5,1,800,16.11
05/11/2014 00:00,3600,0,0,3.66,0.974,2.5,1,800,16.41
06/11/2014 00:00,3600,0,0,3.59,0.972,2.5,1,800,16.71
07/11/2014 00:00,3600,0,0,3.52,0.971,2.5,1,800,17.03
08/11/2014 00:00,3600,0,0,3.46,0.969,2.5,1,800,17.35
09/11/2014 00:00,3600,0,0,3.39,0.966,2.5,1,800,17.67
10/11/2014 00:00,3600,0,0,3.33,0.964,2.5,1,800,18.01
11/11/2014 00:00,3600,0,0,3.27,0.962,2.5,1,800,18.34
12/11/2014 00:00,3600,0,0,3.21,0.96,2.5,1,800,18.68
13/11/2014 00:00,3600,0,0,3.16,0.957,2.5,1,800,19.01
14/11/2014 00:00,3600,0,0,3.1,0.955,2.5,1,800,19.35
15/11/2014 00:00,3600,0,0,3.05,0.953,2.5,1,800,19.68
16/11/2014 00:00,3600,0,0,3,0.95,2.5,1,800,20
17/11/2014 00:00,3600,0,0,2.95,0.948,2.5,1,800,20.31
18/11/2014 00:00,3600,0,0,2.91,0.946,2.5,1,800,20.62
19/11/2014 00:00,3600,0,0,2.87,0.943,2.5,1,800,20.91
20/11/2014 00:00,3600,0,0,2.83,0.941,2.5,1,800,21.2
21/11/2014 00:00,3600,0,0,2.79,0.939,2.5,1,800,21.47
22/11/2014 00:00,3600,0,0,2.76,0.937,2.5,1,800,21.73
23/11/2014 00:00,3600,0,0,2.73,0.935,2.5,1,800,21.97
24/11/2014 00:00,3600,0,0,2.7,0.933,2.5,1,800,22.2
25/11/2014 00:00,3600,0,0,2.68,0.931,2.5,1,800,22.42
26/11/2014 00:00,3600,0,0,2.65,0.929,2.5,1,800,22.62
27/11/2014 00:00,3600,0,0,2.63,0.928,2.5,1,800,22.81
28/11/2014 00:00,3600,0,0,2.61,0.926,2.5,1,800,22.99
29/11/2014 00:00,3600,0,0,2.59,0.925,2.5,1,800,23.15
30/11/2014 00:00,3600,0,0,2.58,0.924,2.5,1,800,23.3
01/12/2014 00:00,3600,0,0,2.56,0.923,2.5,1,800,23.43
02/12/2014 00:00,3600,0,0,2.55,0.922,2.5,1,800,23.55
03/12/2014 00:00,3600,0,0,2.54,0.921,2.5,1,800,23.66
04/12/2014 00:00,3600,0,0,2.53,0.92,2.5,1,800,23.75
05/12/2014 00:00,3600,0,0,2.52,0.919,2.5,1,800,23.84
06/12/2014 00:00,3600,0,0,2.51,0.919,2.5,1,800,23.91
07/12/2014 00:00,3600,0,0,2.5,0.918,2.5,1,800,23.97
08/12/2014 00:00,3600,0,0,2.5,0.918,2.5,1,800,24
09/12/2014 00:00,3600,0,0,2.5,0.918,2.5,1,800,24
10/12/2014 00:00,3600,0,0,2.5,0.918,2.5,1,800,24
11/12/2014 00:00,3600,0,0,2.5,0.918,2.5,1,800,24
12/12/2014 00:00,3600,0,0,2.5,0.918,2.5,1,800,24
13/12/2014 00:00,3600,0,0,2.5,0.918,2.5,1,800,24
14/12/2014 00:00,3600,0,0,2.5,0.918,2.5,1,800,24
15/12/2014 00:00,3600,0,0,2.5,0.918,2.5,1,800,24
16/12/2014 00:00,3600,0,0,2.5,0.918,2.5,1,800,24
17/12/2014 00:00,3600,0,0,2.5,0.918,2.5,1,800,24
18/12/2014 00:00,3600,0,0,2.5,0.918,2.5,1,800,24
19/12/2014 00:00,3600,0,0,2.5,0.918,2.5,1,800,24
20/12/2014 00:00,3600,0,0,2.5,0.918,2.5,1,800,24
21/12/2014 00:00,3600,0,0,2.5,0.918,2.5,1,800,24
22/12/2014 00:00,3600,0,0,2.5,0.918,2.5,1,800,24
23/12/2014 00:00,3600,0,0,2.5,0.918,2.5,1,800,24
24/12/2014 00:00,3600,0,0,2.5,0.918,2.5,1,800,24
25/12/2014 00:00,3600,0,0,2.5,0.918,2.5,1,800,24
26/12/2014 00:00,3600,0,0,2.5,0.918,2.5,1,800,24
27/12/2014 00:00,3600,0,0,2.5,0.918,2.5,1,800,24
28/12/2014 00:00,3600,0,0,2.5,0.918,2.5,1,800,24
29/12/2014 00:00,3600,0,0,2.5,0.918,2.5,1,800,24
30/12/2014 00:00,3600,0,0,2.5,0.918,2.5,1,800,24
31/12/2014 00:00,3600,0,0,2.5,0.918,2.5,1,800,24
01/01/2015 00:00,3600,0,0,2.5,0.918,2.5,1,800,24
