Iter Gbest GbestRate[%] IterBestFit normSwarmRadius |gbest-mean(pbest)|/mean(pbest)[%] 
1   4.4818000E-02  100.000   4.4818000E-02   4.3508114E-01   66.344  
2   4.4153000E-02    1.484   4.4153000E-02   3.0813253E-01   51.828  
3   4.4153000E-02    0.000   4.5738000E-02   3.6848776E-01   45.936  
4   4.4153000E-02    0.000   4.7542000E-02   3.2531927E-01   39.364  
5   4.3250000E-02    2.045   4.3250000E-02   3.3583978E-01   32.747  
6   4.3250000E-02    0.000   4.3874000E-02   3.1625764E-01   24.566  
7   4.2783000E-02    1.080   4.2783000E-02   3.0561062E-01   20.931  
8   4.2783000E-02    0.000   4.3079000E-02   2.9584581E-01   16.554  
9   4.1951000E-02    1.945   4.1951000E-02   2.7126439E-01   13.933  
10   4.1951000E-02    0.000   4.2550000E-02   2.7320651E-01   12.369  
11   4.1895000E-02    0.133   4.1895000E-02   2.4735879E-01   10.965  
12   4.0264000E-02    3.893   4.0264000E-02   2.8440912E-01   13.137  
13   3.9651000E-02    1.522   3.9651000E-02   2.4724269E-01   12.595  
14   3.8678000E-02    2.454   3.8678000E-02   2.5142176E-01   13.370  
15   3.7631000E-02    2.707   3.7631000E-02   2.3888527E-01   14.975  
16   3.7631000E-02    0.000   3.8065000E-02   2.3260815E-01   14.002  
17   3.7631000E-02    0.000   3.9657000E-02   2.1067399E-01   13.446  
18   3.6457000E-02    3.120   3.6457000E-02   2.1006981E-01   15.027  
19   3.6457000E-02    0.000   3.7111000E-02   2.0446027E-01   14.074  
20   3.6319000E-02    0.379   3.6319000E-02   1.7969528E-01   13.598  
