Neigh1  Neigh2  Neigh3  Neigh4  Neigh5  Neigh6  Neigh7  Neigh8  Neigh9  Neigh10  Neigh11  Neigh12  Neigh13  Neigh14  Neigh15  Neigh16  Neigh17  Neigh18  Neigh19  Neigh20  Neigh21  Neigh22  Neigh23  Neigh24  Neigh25  Neigh26  Neigh27  Neigh28  Neigh29  Neigh30  Neigh31  Neigh32  Neigh33  Neigh34  Neigh35  Neigh36  Neigh37  Neigh38  Neigh39  Neigh40  Neigh41  Neigh42  Neigh43  Neigh44  Neigh45  Neigh46  Neigh47  Neigh48  Neigh49  Neigh50  Neigh51  Neigh52  Neigh53  Neigh54  Neigh55  Neigh56  Neigh57  Neigh58  Neigh59  Neigh60  Neigh61  Neigh62  Neigh63  Neigh64  Neigh65  Neigh66  Neigh67  Neigh68  Neigh69  Neigh70  Neigh71  Neigh72  Neigh73  Neigh74  Neigh75  Neigh76  Neigh77  Neigh78  Neigh79  Neigh80  Neigh81  Neigh82  Neigh83  Neigh84  Neigh85  Neigh86  Neigh87  Neigh88  Neigh89  Neigh90  Neigh91  Neigh92  Neigh93  Neigh94  Neigh95  Neigh96  Neigh97  Neigh98  Neigh99  Neigh100  Neigh101  Neigh102  Neigh103  Neigh104  Neigh105  Neigh106  Neigh107  Neigh108  Neigh109  Neigh110  Neigh111  Neigh112  Neigh113  Neigh114  Neigh115  Neigh116  Neigh117  Neigh118  Neigh119  Neigh120  Neigh121  Neigh122  Neigh123  Neigh124  Neigh125  Neigh126  Neigh127
Part1  1  11  24  39  45  46  62  69  73  78  81  93  94  99  104  117  125  127                                                                                                                                                                                                                          
Part2  2  12  28  41  42  56  64  67  69  70  81  84  102  103  112  117                                                                                                                                                                                                                              
Part3  3  12  17  26  28  32  33  40  48  50  51  55  58  59  62  63  67  70  83  86  88  90  93  100  105  107  112  121  125                                                                                                                                                                                                    
Part4  4  7  10  17  18  34  44  47  58  59  64  78  80  88  93  94  97  107  108  111  122  127                                                                                                                                                                                                                  
Part5  5  28  34  35  37  39  40  41  43  46  56  59  73  74  76  97  101  113  114  122  126                                                                                                                                                                                                                    
Part6  3  5  6  13  16  38  39  40  48  60  62  72  79  81  84  86  93  105  107  109  115  116  118                                                                                                                                                                                                                
Part7  7  10  19  20  21  23  25  26  30  33  39  41  42  43  46  50  52  74  85  86  88  89  106  112  116  120  124  126                                                                                                                                                                                                      
Part8  1  2  8  26  29  40  41  44  48  55  60  63  77  88  90  95  96  99  109  114  116                                                                                                                                                                                                                    
Part9  9  10  20  24  34  38  39  45  47  52  54  55  59  62  68  77  94  98  100  104  105  111  115  120  124  126                                                                                                                                                                                                          
Part10  9  10  20  23  31  34  41  45  48  69  71  73  75  76  78  84  85  87  88  102  106  107  108  120                                                                                                                                                                                                              
Part11  10  11  21  27  29  32  40  49  50  51  63  64  73  74  75  80  83  93  97  98  106  110  118  120                                                                                                                                                                                                              
Part12  1  3  7  12  32  35  50  53  55  57  63  69  73  74  79  86  88  90  92  106  108  120                                                                                                                                                                                                                  
Part13  2  9  13  19  21  28  33  35  36  37  41  45  46  50  52  63  85  87  88  92  104  108  111  115  122  123  127                                                                                                                                                                                                        
Part14  8  14  24  28  41  54  57  58  70  76  78  81  82  97  112  118  122  127                                                                                                                                                                                                                          
Part15  6  7  12  15  20  43  46  57  58  63  67  69  77  79  80  81  86  99  100  110  116  118                                                                                                                                                                                                                  
Part16  9  14  16  24  28  34  35  41  44  47  48  53  54  59  61  73  76  79  95  97  101  103  108  109  111  120  121                                                                                                                                                                                                        
Part17  11  14  17  18  19  20  22  29  40  42  44  47  48  50  55  66  70  71  73  76  78  89  90  95  100  101  110  112  114  121  127                                                                                                                                                                                                
Part18  2  3  7  8  9  12  14  15  18  19  21  25  26  37  41  43  46  49  51  52  67  77  80  98  99  102  118  124                                                                                                                                                                                                      
Part19  1  2  4  15  17  18  19  31  37  50  64  65  67  86  88  95  101  107  121  127                                                                                                                                                                                                                      
Part20  20  21  23  24  32  33  36  49  58  66  68  74  81  83  89  94  97  104  105  108  114  116  117  124                                                                                                                                                                                                              
Part21  10  12  13  14  19  21  25  29  42  43  44  52  54  57  60  64  66  84  90  93  99  108  113  121                                                                                                                                                                                                              
Part22  1  6  14  17  20  22  26  31  37  40  45  53  54  58  60  61  63  65  71  72  74  77  86  88  89  108  110                                                                                                                                                                                                        
Part23  3  4  6  11  16  19  21  22  23  25  32  38  44  52  54  57  60  61  66  72  82  109  111  118  120  122  126                                                                                                                                                                                                        
Part24  10  13  16  19  20  22  24  41  44  47  52  64  73  74  76  84  85  88  90  103  115  119  120  125                                                                                                                                                                                                              
Part25  3  9  15  18  21  25  28  44  51  54  56  59  65  74  82  83  87  97  99  102  111  117  120  125  126                                                                                                                                                                                                            
Part26  5  13  14  21  26  36  38  40  47  48  51  54  55  60  61  73  94  98  102  103  109  110  116  120  122  124                                                                                                                                                                                                          
Part27  1  21  27  29  31  34  36  38  39  44  45  76  80  82  98  110  112  117  127                                                                                                                                                                                                                        
Part28  6  14  16  19  22  23  28  32  33  47  53  61  62  64  73  77  79  81  82  83  87  95  96  103  113  117  126                                                                                                                                                                                                        
Part29  12  13  14  15  21  29  30  38  44  45  51  73  78  81  82  84  90  94  100  119  122  124                                                                                                                                                                                                                  
Part30  9  10  24  30  31  32  34  35  36  39  41  42  44  45  48  54  57  66  73  97  98  111  112  113  119  127                                                                                                                                                                                                          
Part31  1  6  11  12  15  22  23  25  26  28  29  31  37  38  39  40  42  46  50  61  75  84  88  105  108  119                                                                                                                                                                                                          
Part32  2  12  16  18  32  34  39  50  54  62  63  67  69  72  74  76  77  78  83  84  89  93  99  103  106  109  113  115  119  123  125                                                                                                                                                                                                
Part33  14  25  30  33  35  37  41  46  50  51  55  63  64  70  73  77  79  85  94  95  97  98  104  118  124                                                                                                                                                                                                            
Part34  5  6  7  9  12  24  26  30  34  46  52  62  78  91  100  101  105  106  110  117                                                                                                                                                                                                                      
Part35  3  5  19  21  22  23  35  38  39  40  45  48  49  61  67  82  84  88  89  95  97  100  113  120                                                                                                                                                                                                              
Part36  5  9  11  12  17  22  24  26  35  36  47  53  61  62  64  68  70  82  84  87  88  91  93  94  95  103  105  106  108  115  117  125                                                                                                                                                                                              
Part37  2  6  23  37  42  44  52  54  57  68  78  79  89  91  92  105  107  108  112  113  123                                                                                                                                                                                                                    
Part38  1  5  19  33  38  50  52  53  58  64  79  80  107  112  116  118  121                                                                                                                                                                                                                            
Part39  6  11  28  35  39  50  52  56  62  63  64  66  68  69  75  90  113                                                                                                                                                                                                                            
Part40  6  16  20  27  37  38  40  42  45  52  53  56  57  60  61  63  78  81  82  95  96  97  103  106  107  108  123  125                                                                                                                                                                                                      
Part41  2  5  22  26  33  36  41  43  45  47  49  50  55  56  61  75  81  92  95  100  102  111  118                                                                                                                                                                                                                
Part42  12  23  24  28  41  42  43  46  47  48  49  56  62  75  77  79  81  85  94  98  100  103  108  109  114  117  127                                                                                                                                                                                                        
Part43  2  7  12  13  17  19  21  43  45  48  50  55  56  71  74  78  81  85  89  98  108  112  118  123                                                                                                                                                                                                              
Part44  1  6  7  8  9  13  18  21  22  23  31  37  43  44  54  62  64  72  75  78  83  86  98  108  111  115  117  120  124                                                                                                                                                                                                    
Part45  12  21  23  35  41  45  51  62  69  72  111  115                                                                                                                                                                                                                                      
Part46  4  16  17  21  25  30  35  43  46  57  62  63  64  76  86  87  90  99  105  114  117  118                                                                                                                                                                                                                  
Part47  5  9  14  23  47  52  55  56  64  67  78  83  87  98  100  114  118                                                                                                                                                                                                                            
Part48  1  4  10  47  48  52  63  66  76  92  102  104  112  117  122  125  126                                                                                                                                                                                                                            
Part49  9  13  14  31  33  37  47  49  52  54  58  67  69  70  71  75  81  88  94  98  120  121  126                                                                                                                                                                                                                
Part50  11  14  19  20  25  44  50  54  57  59  62  76  78  86  93  96  107  116  117  124  125                                                                                                                                                                                                                    
Part51  3  8  32  44  51  64  65  68  75  76  83  107  110  113  121  124  127                                                                                                                                                                                                                            
Part52  3  6  8  10  24  36  41  45  50  51  52  55  58  59  64  67  69  70  77  90  95  98  102  117  120  121  122                                                                                                                                                                                                        
Part53  2  12  16  29  30  36  47  53  57  60  65  71  80  84  94  98  102  109                                                                                                                                                                                                                          
Part54  3  10  15  21  25  30  32  37  39  43  54  56  94  98  116  117  119                                                                                                                                                                                                                            
Part55  2  3  11  18  20  23  29  40  43  45  55  58  63  68  79  84  94  116  119  121                                                                                                                                                                                                                      
Part56  6  8  10  16  17  20  32  37  39  44  47  50  55  56  81  83  88  90  93  100  101  111  122                                                                                                                                                                                                                
Part57  5  8  11  13  14  20  21  31  36  42  52  56  57  65  66  70  76  78  79  86  99  105  108  110  111  116  118  120  121  122                                                                                                                                                                                                  
Part58  7  11  15  16  22  30  31  37  38  50  58  59  62  71  86  94  99  110  115  123                                                                                                                                                                                                                      
Part59  2  11  21  23  24  31  36  44  46  50  51  57  59  63  64  65  67  69  74  76  81  83  84  91  94  98  101  114  117  122  125                                                                                                                                                                                                
Part60  6  31  36  45  46  48  60  61  65  68  69  76  83  96  99  103  105  106  115  118  120  122  126                                                                                                                                                                                                                
Part61  7  16  37  38  50  55  61  70  73  76  79  81  88  100  101  102  103  108  111  117  123                                                                                                                                                                                                                    
Part62  1  2  5  11  14  18  19  33  41  45  62  65  66  67  70  80  83  87  95  96  113  115  124                                                                                                                                                                                                                
Part63  9  13  17  19  23  32  53  63  65  85  91  97  104  105  110  121                                                                                                                                                                                                                              
Part64  7  12  35  43  44  51  56  64  68  77  79  83  90  96  97  104  105  106  109  115  117  120  125                                                                                                                                                                                                                
Part65  9  10  12  20  22  53  54  56  64  65  71  73  74  84  90  92  93  95  99  100  113  114  116  121                                                                                                                                                                                                              
Part66  5  7  16  23  32  34  39  42  48  51  52  56  57  66  75  81  86  90  91  101  102  105  110  113  114  119  120  121                                                                                                                                                                                                      
Part67  3  6  7  13  30  35  43  55  67  79  90  94  96  97  99  106  110  117  118  120  122  127                                                                                                                                                                                                                  
Part68  6  16  17  27  30  52  59  68  73  75  101  104  114                                                                                                                                                                                                                                    
Part69  19  22  26  35  36  44  56  60  69  73  87  93  97  103  105  106  122  124                                                                                                                                                                                                                          
Part70  7  11  16  19  26  29  30  39  42  43  46  57  59  70  84  87  105  122                                                                                                                                                                                                                          
Part71  4  10  14  25  27  38  39  49  53  60  71  73  79  80  83  90  95  110  116  118  127                                                                                                                                                                                                                    
Part72  10  14  19  22  26  30  33  35  36  37  46  55  62  63  71  72  74  85  92  95  107  122  123  124  125  127                                                                                                                                                                                                          
Part73  1  8  10  19  21  30  51  52  56  59  61  69  73  75  96  100  108  112                                                                                                                                                                                                                          
Part74  2  7  14  15  17  18  19  28  49  54  55  60  66  70  74  82  88  92  94  100  104  108  110  111                                                                                                                                                                                                              
Part75  1  5  27  30  33  41  48  54  61  73  75  95  99  100  103  109  110  113  116  118  119  125                                                                                                                                                                                                                  
Part76  13  18  27  28  33  38  44  61  63  67  76  79  81  101  116  118  120  122                                                                                                                                                                                                                          
Part77  1  2  4  6  11  14  17  18  20  23  29  40  44  56  57  65  67  77  84  88  92  95  104  105  106  107  108  111  118  124  127                                                                                                                                                                                                
Part78  3  9  13  22  23  30  31  40  46  55  62  63  66  78  79  80  82  83  85  87  100  102  105  108  110  112  118  119  126                                                                                                                                                                                                    
Part79  2  7  9  11  13  14  16  19  30  33  34  38  54  59  63  65  66  67  69  74  79  82  89  118                                                                                                                                                                                                              
Part80  4  6  20  24  29  35  38  42  52  65  66  68  73  75  76  80  84  89  91  92  98  105  114  115                                                                                                                                                                                                              
Part81  1  2  3  7  17  20  22  29  61  62  63  71  79  81  84  89  92  93  98  100  112  113                                                                                                                                                                                                                  
Part82  2  7  10  12  15  16  19  23  24  27  30  32  40  46  50  51  54  60  63  74  82  90  91  93  101  102  108  112  115  124  126                                                                                                                                                                                                
Part83  3  22  25  35  37  41  43  47  54  65  66  72  83  86  88  93  95  99  104  106  110  113  116                                                                                                                                                                                                                
Part84  1  6  13  14  17  18  28  35  36  39  51  56  59  69  80  83  84  86  99  101  104  105  107  110  111  118  119                                                                                                                                                                                                        
Part85  3  7  8  11  12  17  18  19  24  40  44  57  73  75  77  81  85  88  90  96  105  106  111  115  120  122  124  125                                                                                                                                                                                                      
Part86  9  10  12  29  34  43  45  53  55  68  70  81  82  86  98  108  112  115  121                                                                                                                                                                                                                        
Part87  35  41  42  53  59  63  67  71  80  81  84  87  88  89  94  95  104  107  111  113  121  127                                                                                                                                                                                                                  
Part88  8  12  16  30  32  45  47  50  54  65  66  69  74  80  85  87  88  102  104  121  125                                                                                                                                                                                                                    
Part89  10  23  35  36  39  42  45  48  50  52  56  71  75  76  85  87  89  95  104  106                                                                                                                                                                                                                      
Part90  7  10  16  23  24  33  41  53  66  70  75  87  88  90  102  114  117  118  121  124                                                                                                                                                                                                                      
Part91  4  14  33  34  40  41  47  56  59  60  62  68  76  84  87  91  100  103  112  121                                                                                                                                                                                                                      
Part92  8  13  28  29  32  43  47  53  54  55  57  65  86  87  88  92  95  102  105  113  114  120  121  126                                                                                                                                                                                                              
Part93  1  4  5  11  12  16  17  20  22  29  46  47  55  59  62  64  67  69  79  85  87  89  93  97  112  120                                                                                                                                                                                                          
Part94  2  20  26  41  43  46  61  70  73  80  84  85  87  91  92  93  94  100  103  116  124  127                                                                                                                                                                                                                  
Part95  5  8  9  10  14  17  27  30  33  36  58  73  78  85  91  93  95  102  108  111  115  120  121                                                                                                                                                                                                                
Part96  5  9  15  20  28  29  30  32  37  50  57  72  78  84  96  97  109  114  123  126                                                                                                                                                                                                                      
Part97  1  8  14  15  20  35  45  46  73  75  77  78  79  94  97  101  104  105  122                                                                                                                                                                                                                        
Part98  20  26  41  49  56  68  70  77  81  82  91  96  98  101  102  103  107  109  117  118  120                                                                                                                                                                                                                    
Part99  4  14  15  19  32  44  57  65  80  86  92  98  99  100  101  106  114  117  119  125  126  127                                                                                                                                                                                                                  
Part100  1  3  7  12  15  22  23  27  28  35  41  51  59  60  75  76  88  92  94  96  97  100  105  114  115  118  120  127                                                                                                                                                                                                      
Part101  2  14  22  24  30  36  38  42  62  63  77  78  97  98  99  101  103  109  110  114  123  125  127                                                                                                                                                                                                                
Part102  3  15  33  34  38  46  51  66  69  72  77  82  88  91  95  102  105  121  122                                                                                                                                                                                                                        
Part103  7  11  17  18  27  52  54  55  57  59  73  75  81  82  88  90  98  103  109  117                                                                                                                                                                                                                      
Part104  1  3  11  26  31  35  51  56  58  59  60  65  75  77  90  98  100  101  104  120                                                                                                                                                                                                                      
Part105  1  11  15  22  29  32  36  40  47  49  52  53  55  63  69  75  92  98  105  112  113  117  119  122  125                                                                                                                                                                                                            
Part106  2  13  15  20  26  29  41  43  47  60  67  70  77  80  84  87  96  103  106  112  114  122                                                                                                                                                                                                                  
Part107  19  28  29  30  34  43  45  46  79  85  86  90  97  107  109  112  116  119  124  127                                                                                                                                                                                                                      
Part108  3  5  28  30  37  44  47  50  52  68  72  74  77  84  93  98  100  108  109                                                                                                                                                                                                                        
Part109  6  11  13  15  22  31  36  48  86  103  109  110  125  127                                                                                                                                                                                                                                  
Part110  4  6  20  23  26  28  29  35  37  39  47  49  53  61  64  69  89  90  97  102  108  110  122  124  126                                                                                                                                                                                                            
Part111  12  18  28  31  35  40  43  46  49  52  53  60  61  67  76  78  80  82  89  93  98  100  101  102  103  108  111  112  114  120  123                                                                                                                                                                                                
Part112  4  10  14  15  16  23  25  32  33  38  46  56  58  64  69  70  75  76  78  80  90  95  101  103  112  124  125                                                                                                                                                                                                        
Part113  1  11  16  20  22  44  55  63  78  80  84  89  104  112  113  114  117  118  121  125  127                                                                                                                                                                                                                    
Part114  4  6  7  14  17  20  21  26  29  43  48  55  58  63  73  82  86  88  91  102  109  111  114  116  117  122  126                                                                                                                                                                                                        
Part115  11  13  23  28  30  42  45  54  55  56  64  72  75  78  80  83  84  95  107  115  117  120                                                                                                                                                                                                                  
Part116  2  3  5  9  14  18  26  32  37  38  41  43  50  57  58  61  73  76  80  90  95  109  111  115  116  119  123                                                                                                                                                                                                        
Part117  7  8  9  24  27  32  42  44  47  48  50  51  53  57  65  66  67  73  75  77  94  95  99  103  105  107  113  117  120                                                                                                                                                                                                    
Part118  2  10  11  19  21  25  38  42  48  53  54  55  56  58  60  72  76  83  90  91  95  96  98  101  103  107  109  113  118  119  122                                                                                                                                                                                                
Part119  4  8  10  13  14  18  20  22  23  33  43  51  54  55  57  60  62  64  70  71  74  80  96  97  104  105  119  122  123  126  127                                                                                                                                                                                                
Part120  1  12  15  18  30  39  43  46  50  57  64  83  84  91  97  99  104  120  121  123                                                                                                                                                                                                                      
Part121  8  12  13  19  23  26  33  37  44  46  53  61  63  68  69  71  74  83  84  88  90  92  99  100  103  107  110  111  113  115  120  121  127                                                                                                                                                                                            
Part122  1  4  5  6  14  22  23  26  27  35  40  41  66  71  75  88  90  94  99  110  113  122  127                                                                                                                                                                                                                
Part123  8  17  25  29  43  44  45  50  57  73  77  84  86  89  101  106  108  109  123  127                                                                                                                                                                                                                      
Part124  3  5  18  22  35  37  70  76  81  84  85  88  94  95  98  99  107  115  119  124                                                                                                                                                                                                                      
Part125  3  4  7  16  24  27  36  42  47  48  59  60  62  65  66  71  79  86  98  99  108  112  113  114  115  117  121  125                                                                                                                                                                                                      
Part126  1  2  6  7  14  17  18  20  22  46  49  55  56  67  69  77  85  88  91  93  100  104  105  109  115  120  125  126                                                                                                                                                                                                      
Part127  6  8  13  19  22  30  35  36  39  40  46  47  49  50  51  52  54  72  73  87  95  100  109  117  121  123  125  127                                                                                                                                                                                                      
